0.040184
0.029537976
0.026846822
0.025720777
0.023710385
0.023202127
0.023088058
0.022658022
0.022087317
0.02202578
0.021965973
0.02180872
0.02172089
0.021077715
0.020921128
0.020246373
0.019851718
0.019820236
0.019137723
0.01906757
0.018988252
0.018987773
0.018887034
0.018864803
0.018850612
0.018648617
0.018636856
0.018091116
0.01796485
0.017946037
0.017942406
0.017904058
0.017871968
0.017813912
0.017806685
0.01775994
0.017729927
0.017684883
0.017654067
0.017653784
0.017554617
0.017489254
0.017438546
0.01728508
0.017192654
0.01706825
0.016963588
0.016953912
0.016900314
0.01678691
