0.022941409
0.022389753
0.022158617
0.022136826
0.021225173
0.021154877
0.020942818
0.020930674
0.02084643
0.0207504
0.020581678
0.020533247
0.020488162
0.02021974
0.020215552
0.02010408
0.020087264
0.020003844
0.019979883
0.01989578
0.019889014
0.019859014
0.01973538
0.019703554
0.019693084
0.019682528
0.019663176
0.019635754
0.019630196
0.019577898
0.019565942
0.019512158
0.019488847
0.01945497
0.019449472
0.019341812
0.01930547
0.019280221
0.019268526
0.019257443
0.019249441
0.019228974
0.019212306
0.019188495
0.01915421
0.01914623
0.01913709
0.019081384
0.019032694
0.01898856
