0.029799981
0.027121922
0.025475083
0.025403146
0.024628185
0.024385167
0.024038568
0.023558225
0.022940623
0.022745365
0.022384869
0.022184815
0.021572588
0.021208609
0.020942071
0.020597834
0.020251695
0.020123783
0.020050853
0.019888265
0.019589921
0.019208223
0.01918246
0.01914298
0.018949838
0.018925717
0.01885267
0.018841425
0.01882548
0.018669926
0.018402768
0.018261913
0.018104436
0.017899552
0.01787813
0.017849619
0.017617416
0.017550953
0.017534439
0.017531274
0.017484147
0.017461393
0.017406994
0.017374586
0.017229762
0.017198997
0.017021675
0.016931873
0.01688893
0.016880957
