0.023609826
0.021717206
0.02125022
0.021103652
0.020893782
0.020744927
0.020706335
0.02051513
0.020454483
0.020435223
0.020425633
0.02041237
0.020385416
0.020375112
0.020359995
0.020253384
0.020242972
0.020171601
0.0200943
0.02006757
0.02002349
0.019944813
0.019902363
0.019848982
0.019827245
0.019805022
0.019801361
0.019651974
0.019649547
0.01962061
0.019598009
0.019597948
0.019587591
0.019549971
0.019522743
0.019495096
0.019446116
0.019422648
0.019397108
0.019366879
0.019358357
0.019322986
0.01932073
0.019310841
0.019282414
0.019270578
0.019246968
0.019245531
0.019203315
0.019159531
