0.031282518
0.02810813
0.027400514
0.023798097
0.022615278
0.022613592
0.022610674
0.022492455
0.022216495
0.021596514
0.021218821
0.020895058
0.020860579
0.020504843
0.020477293
0.020017345
0.02001564
0.019936478
0.019721795
0.01966686
0.019646715
0.019539535
0.019537691
0.019396191
0.019332465
0.019315215
0.019178277
0.019161934
0.01914632
0.019143604
0.019020353
0.018959576
0.018799694
0.018500092
0.018499259
0.018453248
0.018404046
0.018177226
0.018039215
0.01782713
0.017798163
0.017759185
0.017566336
0.017480584
0.017418223
0.017331542
0.017266773
0.017110638
0.017106637
0.017035183
