0.030112091
0.029367406
0.028861145
0.025323125
0.023800557
0.023744544
0.023296798
0.022009578
0.021406388
0.02131182
0.021119876
0.020976843
0.020803915
0.02049811
0.020463917
0.02046298
0.020359753
0.020206222
0.020195879
0.01970069
0.019588023
0.019469237
0.019437768
0.01943
0.019380102
0.018839607
0.018833205
0.018755157
0.018751163
0.018561162
0.018518444
0.018513931
0.018495291
0.018380072
0.018368624
0.01831029
0.018095553
0.018040242
0.017798854
0.017585013
0.017485553
0.01747114
0.017461775
0.017409628
0.017294234
0.01726022
0.01714298
0.017132062
0.01710192
0.017067
