0.030019026
0.02593869
0.024630211
0.023934904
0.023237316
0.021690896
0.021313952
0.021200372
0.0211092
0.021100892
0.021068003
0.020447455
0.020404054
0.020265998
0.020248506
0.02017415
0.020131
0.020039793
0.020027585
0.019921735
0.019801842
0.019687524
0.019677982
0.019670844
0.019500041
0.019485317
0.019276567
0.019247057
0.019234315
0.01910492
0.018980063
0.018966852
0.01894855
0.018883744
0.018828833
0.0187554
0.018724067
0.018714845
0.018412594
0.018384011
0.018273758
0.01820163
0.01812806
0.018120801
0.018114824
0.018100463
0.0180512
0.017976176
0.017942397
0.017901506
