0.03817375
0.029633181
0.025327599
0.024189837
0.023165377
0.022841442
0.02271414
0.022556841
0.021597331
0.02141062
0.021389982
0.021270582
0.02071705
0.020673018
0.020217229
0.02009649
0.020020997
0.01953529
0.01947396
0.019375052
0.019196797
0.019018428
0.018938258
0.018888311
0.018847354
0.01882258
0.018782988
0.018775284
0.018684719
0.018487828
0.01846427
0.018419024
0.018329836
0.018322906
0.018316595
0.018143278
0.018075058
0.018059349
0.018049112
0.017978225
0.017838458
0.017838191
0.017820647
0.01767732
0.017612036
0.017565874
0.0174253
0.017389426
0.016953556
0.016899249
