0.023256082
0.022585837
0.022504356
0.022394238
0.022052864
0.02175358
0.021544019
0.021308638
0.021114022
0.02088051
0.020872992
0.02065677
0.020634767
0.020373203
0.02015575
0.020022253
0.020005643
0.019967493
0.019935364
0.019931957
0.019822221
0.019778332
0.019705676
0.019698188
0.019591896
0.019582931
0.019561796
0.019543828
0.019523138
0.01948327
0.0194135
0.019377498
0.019366758
0.019294675
0.01927877
0.019267542
0.01922402
0.0192201
0.01919976
0.019122284
0.019107051
0.019044565
0.019031549
0.018923419
0.01888535
0.01887704
0.018807065
0.018780448
0.018775467
0.018761644
