0.032115653
0.026781108
0.026534976
0.025710298
0.02338025
0.02280465
0.022063395
0.021478547
0.020965096
0.020688798
0.020359239
0.020345783
0.020067004
0.020026593
0.019817365
0.019737098
0.019716475
0.019401085
0.019322969
0.019087844
0.018993858
0.018990673
0.018980876
0.018964836
0.018964086
0.018964062
0.018934172
0.018920235
0.018915126
0.018893551
0.01888638
0.018861922
0.018851144
0.01883303
0.0188134
0.01869625
0.018595992
0.018543515
0.01843734
0.01837587
0.018352272
0.01834105
0.018340157
0.018333994
0.018327761
0.018320851
0.018299293
0.018297845
0.018295962
0.018270273
