0.028339151
0.02768804
0.027198765
0.026987199
0.024042996
0.023020983
0.02296601
0.022549016
0.02180627
0.021321755
0.021106927
0.021086486
0.020642972
0.020513704
0.020056942
0.020023769
0.019545207
0.019525707
0.0195075
0.019458724
0.01943563
0.019432496
0.019254323
0.019017378
0.018968655
0.018923711
0.018885579
0.018810604
0.018719384
0.018535152
0.018439418
0.018436093
0.01840307
0.018361418
0.018322524
0.018308936
0.018259289
0.018200975
0.018151453
0.01808322
0.018075136
0.018052612
0.018029135
0.018002866
0.017996617
0.017978763
0.017959952
0.017921248
0.017824478
0.01782165
