0.029499177
0.025361253
0.02469462
0.024411375
0.023885276
0.0222288
0.022108303
0.022051662
0.021790415
0.021190803
0.021144627
0.021030536
0.02100077
0.020786474
0.020566605
0.020446973
0.020237593
0.02019537
0.020188563
0.019839324
0.019828666
0.019532904
0.019408
0.019406158
0.019388687
0.01934329
0.019321954
0.01927108
0.019228116
0.019210322
0.019021908
0.018870356
0.018735878
0.01864832
0.018555036
0.018528467
0.01836454
0.018345851
0.01821125
0.018206114
0.018055934
0.017994786
0.017961977
0.017913926
0.017907504
0.017887322
0.017749425
0.017611368
0.017476825
0.017355463
