0.025440443
0.024650842
0.024049258
0.021873865
0.021721983
0.02104985
0.021021131
0.020837715
0.020829808
0.02018227
0.02014037
0.020138508
0.020076469
0.02006672
0.019990418
0.01987042
0.019846981
0.019802505
0.019795518
0.01976961
0.0197532
0.019744523
0.019722467
0.019707797
0.019668316
0.019659922
0.019659566
0.019654395
0.019644521
0.019511124
0.0194892
0.019471345
0.019427832
0.019333685
0.019328402
0.019315023
0.019294275
0.019198952
0.01916946
0.019059587
0.019054024
0.019022817
0.018992743
0.018936066
0.018915854
0.018868867
0.018839573
0.018834664
0.018811774
0.018755306
