0.024002833
0.023752004
0.023632932
0.023205005
0.023035595
0.022982823
0.02277665
0.02198958
0.021591062
0.021396002
0.021352438
0.021322466
0.021287821
0.021135246
0.02094408
0.02093805
0.020852102
0.020813309
0.020587496
0.020392625
0.020262204
0.020210959
0.019942522
0.019871745
0.019340627
0.019306907
0.01922393
0.019102799
0.019046422
0.018996788
0.018977784
0.018958028
0.018851846
0.01874929
0.018740201
0.018694835
0.0186733
0.018671231
0.018486692
0.018268043
0.018267047
0.018078852
0.01806216
0.01802646
0.017972603
0.01791355
0.017908268
0.017893957
0.01787611
0.017634712
