0.023431329
0.023406336
0.021567736
0.021382852
0.021354862
0.021344807
0.021112857
0.020650974
0.020506259
0.020416586
0.0203516
0.02033537
0.0202981
0.020159239
0.020123202
0.020107733
0.019934362
0.019886686
0.019846186
0.019829009
0.019814463
0.01978427
0.019770177
0.019695288
0.019682925
0.01967925
0.019638121
0.019633275
0.019608125
0.019597393
0.019549536
0.01950617
0.01950517
0.019500036
0.019474233
0.019467939
0.019389318
0.019385071
0.01936135
0.019331856
0.019316198
0.019314565
0.019310657
0.019295815
0.019288272
0.019287799
0.019262105
0.01920755
0.01914868
0.019148273
