0.036659017
0.03278287
0.027466651
0.027070446
0.025903137
0.02572397
0.0250873
0.023325903
0.023291677
0.022634378
0.022505626
0.022047065
0.021883408
0.021317521
0.021099858
0.02031948
0.020081656
0.019499587
0.019252101
0.01916232
0.019161565
0.018968873
0.018929858
0.018850202
0.018763678
0.018720169
0.018506793
0.018167425
0.017986659
0.017774807
0.017772326
0.01776969
0.017630765
0.017523384
0.017261608
0.01684264
0.016816279
0.01679409
0.016706446
0.016692722
0.016679937
0.01666694
0.016661648
0.01656538
0.016552119
0.016468907
0.016449565
0.016419603
0.016392084
0.016389979
