0.024213098
0.02285741
0.02112551
0.020614885
0.020591099
0.020294312
0.020284873
0.020272907
0.020240081
0.02023357
0.020167295
0.02014715
0.020088358
0.020074956
0.020065462
0.020030005
0.019991186
0.01998931
0.01997866
0.019932393
0.019916901
0.019908255
0.019868582
0.0198437
0.019828942
0.019817976
0.019801311
0.019785386
0.019784408
0.019726662
0.019711418
0.019660737
0.019658646
0.019651648
0.019649457
0.019636652
0.019609798
0.01958744
0.019586664
0.019542947
0.019464077
0.019454883
0.019453643
0.01944241
0.019434288
0.019410163
0.019405505
0.019397827
0.019395426
0.019371714
