0.034191288
0.0278289
0.026046434
0.024103364
0.023454964
0.023338392
0.022941187
0.022845676
0.022501964
0.0216493
0.0209591
0.020872764
0.020752022
0.020468285
0.020462949
0.02044145
0.020384999
0.020031994
0.020008285
0.019510709
0.019369384
0.019263295
0.019226098
0.019121513
0.018954277
0.018909343
0.018866902
0.018683508
0.018637294
0.018602615
0.018374074
0.018276114
0.018255536
0.018240128
0.018182334
0.018152265
0.018066723
0.018044144
0.017849186
0.017819202
0.01779638
0.017764518
0.017743785
0.017688503
0.017685993
0.017650848
0.017574312
0.01755662
0.017536625
0.017314414
