0.027341228
0.02432005
0.024295492
0.022816591
0.022195417
0.022071391
0.02200105
0.02164295
0.021547481
0.021026336
0.021018839
0.02099071
0.020456467
0.020375317
0.020312779
0.020243391
0.020091336
0.02006135
0.019996151
0.019989735
0.019508177
0.019491546
0.019413894
0.019299036
0.019148163
0.01903679
0.0190342
0.019030677
0.019027581
0.018994126
0.018976592
0.018961657
0.018929983
0.018907165
0.018865455
0.018831003
0.01879326
0.01879183
0.018773466
0.018755428
0.01875328
0.018746579
0.018743608
0.018741846
0.018732762
0.018626755
0.018607631
0.01860094
0.018544665
0.018537942
