0.024254287
0.024203263
0.023713721
0.023428652
0.023169888
0.021873062
0.021768978
0.021676198
0.020984042
0.020934794
0.020752348
0.020457244
0.02030342
0.020293808
0.020231092
0.020139774
0.020128803
0.019931825
0.019822173
0.019769859
0.019761616
0.019732777
0.019602265
0.01955856
0.019294973
0.019232301
0.01913706
0.019127963
0.019118257
0.01910166
0.01910016
0.019087732
0.019084174
0.019070407
0.019051483
0.019041603
0.019001754
0.018986402
0.018961288
0.018957825
0.018937366
0.018916838
0.01891441
0.018893046
0.01887589
0.018822411
0.018756794
0.018756745
0.018643972
0.018634973
