0.03388771
0.032022066
0.029805081
0.02971837
0.026965983
0.02309728
0.022617558
0.02258524
0.022542402
0.021989986
0.021936642
0.021930918
0.02170453
0.021526895
0.021340849
0.021220671
0.021044135
0.020863768
0.020416295
0.020346534
0.020123413
0.019641446
0.019494666
0.01927924
0.019130273
0.019111158
0.01865177
0.018543242
0.018502716
0.018363703
0.01799654
0.017746879
0.017705059
0.017463649
0.017061295
0.017005352
0.01699387
0.016860401
0.016840704
0.016462946
0.016308151
0.016134243
0.016038671
0.016012287
0.015969913
0.015911045
0.015814034
0.015798153
0.015782168
0.015690096
