0.024208324
0.022612127
0.022600345
0.021941708
0.021104088
0.021036802
0.020755896
0.02062665
0.020606635
0.020594269
0.02055823
0.02049002
0.02047148
0.02039689
0.020271784
0.02024673
0.02018313
0.02015625
0.020082371
0.020045068
0.020039745
0.01993411
0.019870905
0.019865539
0.019856596
0.019773299
0.01975327
0.019750087
0.019737536
0.019709578
0.019601576
0.019594954
0.019540308
0.019515486
0.01950048
0.019390587
0.019318622
0.019177958
0.019158032
0.019127326
0.019055804
0.019031279
0.018999353
0.01890438
0.01889482
0.018883994
0.01880745
0.018805247
0.01874506
0.018667815
