0.0298487
0.02586739
0.024609279
0.02447318
0.022372425
0.022334721
0.021901863
0.021762157
0.02173833
0.021717427
0.021622831
0.02123705
0.020907208
0.020814905
0.020391315
0.02038941
0.020338826
0.020091038
0.01999988
0.019924793
0.01978899
0.019222524
0.01916798
0.019074885
0.019053005
0.01903401
0.0190058
0.019004282
0.018865041
0.018846547
0.018812604
0.018777508
0.018702207
0.018655544
0.018614104
0.018565957
0.018424675
0.018396724
0.01834549
0.018345216
0.018336724
0.018335681
0.018237466
0.018095914
0.018066784
0.018024756
0.017996874
0.01797946
0.017951423
0.017929101
