0.028353287
0.0266649
0.025937224
0.025087925
0.023694655
0.023434278
0.023252705
0.022936946
0.021592474
0.021095036
0.020971218
0.020842578
0.020718237
0.020667333
0.020546213
0.020482428
0.020469045
0.020458207
0.020187948
0.020162998
0.019807966
0.019574182
0.019343715
0.01924433
0.019215837
0.019187419
0.019150246
0.018966114
0.018907256
0.018867552
0.018778857
0.018648736
0.018419167
0.01840115
0.018319717
0.01819613
0.01809707
0.018058417
0.01799548
0.017987447
0.017939217
0.01785519
0.017799633
0.017785866
0.017749753
0.017740987
0.017713837
0.017704288
0.017511565
0.017477324
