0.03391046
0.024288481
0.023333438
0.021415945
0.02116381
0.020886587
0.020638194
0.020324245
0.020000376
0.019705633
0.019547384
0.01954433
0.019538537
0.019535359
0.019530728
0.019521767
0.01952003
0.019518338
0.019502405
0.019500177
0.019494496
0.01949334
0.019492475
0.019488288
0.019486696
0.019484228
0.01946147
0.019442273
0.019422807
0.019411473
0.019397363
0.019389959
0.019382738
0.019336253
0.019335255
0.019275336
0.01926885
0.01925863
0.019231461
0.019206654
0.019175872
0.019147657
0.019136084
0.01913133
0.019128408
0.019126466
0.019118628
0.019117841
0.01911727
0.019114153
