0.021468353
0.021287052
0.02120413
0.020794444
0.020793606
0.020642783
0.020593727
0.020554163
0.020538114
0.020439833
0.020329148
0.020259656
0.020256741
0.020253303
0.020179288
0.020130612
0.020079376
0.020051925
0.020047741
0.020024594
0.020017099
0.02001519
0.019917056
0.019911084
0.0198578
0.019855812
0.019826923
0.019791136
0.019768393
0.019733546
0.01968642
0.019683473
0.019682037
0.019681323
0.01967652
0.01962963
0.019621931
0.019590715
0.01958746
0.01957157
0.019559601
0.019533694
0.019519124
0.019497713
0.019493593
0.019491637
0.019476179
0.019468253
0.019466223
0.019460233
