0.031761445
0.02790002
0.02736707
0.025213556
0.025060091
0.024033815
0.023591148
0.022234187
0.022193953
0.02219039
0.02150025
0.0213963
0.021249592
0.021105815
0.020802155
0.020650197
0.020370768
0.020250056
0.019854587
0.019743698
0.01970389
0.01960306
0.019360559
0.01918597
0.018942887
0.018914124
0.018631473
0.018520983
0.018495487
0.018398425
0.0183282
0.018325664
0.018241853
0.018081909
0.018066162
0.018035714
0.018009234
0.017772233
0.017626734
0.017544296
0.017527359
0.017446386
0.017444128
0.017399918
0.017101744
0.017035281
0.017016128
0.016936842
0.016927954
0.016906312
