0.034085713
0.03045793
0.02773079
0.027131358
0.026540399
0.026116975
0.025401492
0.024602706
0.023616282
0.022401042
0.022011103
0.021695687
0.02125118
0.020057777
0.019926297
0.019844243
0.019677691
0.019414024
0.019397784
0.019026874
0.01889012
0.018770114
0.01861261
0.018548971
0.018346693
0.018206362
0.01816579
0.018063346
0.018030394
0.018014852
0.017817566
0.017805096
0.017804876
0.017733818
0.01764954
0.017640261
0.01763154
0.017488051
0.017474854
0.01745653
0.017431807
0.017218305
0.017018914
0.016923873
0.016917825
0.016895568
0.016817115
0.01679009
0.01674693
0.01670083
