0.029047437
0.028158208
0.02478231
0.024734419
0.023990635
0.023675822
0.023245232
0.021922423
0.021646133
0.021643544
0.021630084
0.021257453
0.021226108
0.020677555
0.020434022
0.020285131
0.020223038
0.020042682
0.01994711
0.019925658
0.019844854
0.019811522
0.019396268
0.019349819
0.019131005
0.019071262
0.019007498
0.018924527
0.018811619
0.018757245
0.018753745
0.01873523
0.018612482
0.018430032
0.01819909
0.0181561
0.0181315
0.018108191
0.018068708
0.018028028
0.0178571
0.017709797
0.017670901
0.01764693
0.017635304
0.017592091
0.017589757
0.017563054
0.01750605
0.017405298
