2.3636363636363638
2.4545454545454546
2.0
1.9090909090909092
2.3636363636363638
2.3636363636363638
1.9090909090909092
2.3636363636363638
1.7272727272727273
1.6363636363636365
2.272727272727273
2.272727272727273
2.272727272727273
2.1818181818181817
2.272727272727273
2.3636363636363638
1.4545454545454546
2.272727272727273
2.4545454545454546
2.272727272727273
2.272727272727273
2.272727272727273
1.4545454545454546
2.272727272727273
2.090909090909091
2.4545454545454546
1.6363636363636365
2.3636363636363638
2.3636363636363638
2.3636363636363638
2.0
1.9090909090909092
1.8181818181818181
2.090909090909091
2.272727272727273
1.9090909090909092
2.4545454545454546
2.1818181818181817
2.0
2.3636363636363638
1.8181818181818181
2.4545454545454546
1.8181818181818181
1.8181818181818181
2.1818181818181817
1.7272727272727273
2.1818181818181817
2.272727272727273
2.1818181818181817
2.3636363636363638
