0.032099564
0.028105875
0.027619537
0.027311265
0.026943665
0.025706526
0.025055667
0.024033576
0.023362285
0.022199932
0.021774102
0.021433914
0.021281568
0.020988438
0.020961568
0.020876432
0.02060442
0.019967282
0.019913426
0.01986516
0.019612418
0.01877104
0.018768512
0.018695707
0.018623155
0.018401956
0.018258428
0.01816131
0.018024616
0.017992659
0.017987344
0.017879415
0.017805776
0.017763654
0.017726703
0.017667597
0.017593578
0.017534073
0.017373502
0.017196542
0.017083742
0.016996631
0.016989708
0.016813055
0.016783046
0.016767185
0.01673544
0.016684119
0.0166056
0.016599305
