0.033891622
0.02902142
0.028345767
0.024588129
0.022156637
0.022125814
0.021874472
0.021807568
0.021461444
0.021246286
0.020191535
0.020030346
0.019947652
0.019767588
0.019621164
0.019561734
0.019389583
0.019322276
0.019255614
0.019253058
0.019209908
0.018991154
0.018939184
0.018932583
0.018921277
0.018884553
0.018859984
0.018814424
0.018744156
0.018707933
0.018689664
0.018674629
0.018613642
0.018595226
0.018548045
0.01852396
0.018486334
0.018394276
0.018387083
0.018379219
0.018374462
0.018357925
0.018312266
0.018292801
0.018281084
0.01826734
0.018251795
0.018250184
0.018228592
0.01822657
