0.037748802
0.030735632
0.028098824
0.024467412
0.022828996
0.022577902
0.02245005
0.022303503
0.022193102
0.021708986
0.021707272
0.021229547
0.021203006
0.021193638
0.021090325
0.020844268
0.020609263
0.02050134
0.02028406
0.020249588
0.019913001
0.019501144
0.019280493
0.01909926
0.018949714
0.01862695
0.018230721
0.018199677
0.018055929
0.01797375
0.01793776
0.01787813
0.017844638
0.01783211
0.017813988
0.017721545
0.017688507
0.01752795
0.01749142
0.017329728
0.017255487
0.017218262
0.017200196
0.017142374
0.017112613
0.017092649
0.017047541
0.0170322
0.017031532
0.016945148
