0.029066646
0.026119841
0.024164699
0.024120945
0.02376834
0.022318073
0.021667587
0.021621566
0.021463005
0.021378145
0.021182107
0.02112381
0.02101741
0.020887982
0.020530159
0.020326803
0.020083921
0.020004515
0.01989964
0.019754494
0.019725671
0.019655924
0.019634133
0.01961566
0.01942513
0.01941441
0.019344516
0.019200066
0.01909541
0.019054735
0.019022843
0.018939827
0.018812727
0.018746465
0.018565377
0.018496392
0.018481564
0.01840281
0.018367387
0.018347982
0.018085066
0.01804789
0.01803544
0.017941725
0.017940024
0.017897451
0.017846856
0.017824693
0.017809017
0.017722981
