0.022065839
0.021955872
0.021400075
0.021244276
0.021101516
0.021020068
0.02091329
0.020716835
0.020709325
0.020672757
0.020586243
0.02039662
0.020384712
0.020286638
0.020270003
0.020262128
0.020177776
0.02016686
0.02016255
0.020123575
0.020011527
0.01992299
0.01986391
0.019856263
0.019829601
0.019735424
0.019720186
0.019686414
0.019666888
0.019665787
0.019653382
0.019560946
0.019539995
0.01945634
0.019446533
0.019427653
0.019412925
0.019412505
0.0194044
0.019353494
0.019353012
0.019341007
0.019332632
0.01931758
0.019302033
0.019271674
0.019266713
0.019219005
0.019203652
0.019148495
