0.023011563
0.022371838
0.022217313
0.021837741
0.021261776
0.021085743
0.020948105
0.02074663
0.020695468
0.020416839
0.020302642
0.02028449
0.02024111
0.020236565
0.020229565
0.020133505
0.020038754
0.020015132
0.019911196
0.019903036
0.01990257
0.01986682
0.019809691
0.019736161
0.01972689
0.019701375
0.019699177
0.019693382
0.019670792
0.019668913
0.019666668
0.019657174
0.01965339
0.019468246
0.019448059
0.019418905
0.019404504
0.019346174
0.019306324
0.019285504
0.019284217
0.019278856
0.019272305
0.019247448
0.019232906
0.019201271
0.0191907
0.01909883
0.01908918
0.019084528
