0.023547927
0.02273907
0.022223208
0.02206512
0.021254502
0.02124803
0.020799924
0.020797484
0.02036784
0.020262962
0.020164715
0.020116623
0.020064838
0.019945847
0.019921515
0.01986828
0.019853793
0.019836437
0.01981549
0.019811058
0.019790202
0.019732771
0.01970233
0.019672483
0.019642642
0.019628659
0.019606676
0.019596372
0.019590914
0.019556452
0.019545812
0.019544143
0.019532483
0.019517364
0.019512415
0.019499097
0.019491894
0.019488547
0.01948512
0.019475793
0.019430427
0.019427944
0.019411499
0.01939635
0.01938993
0.019374585
0.01932775
0.019322682
0.019304477
0.019297652
