0.028142925
0.025752481
0.024069274
0.023603704
0.022588028
0.022011897
0.021892065
0.021194754
0.02108024
0.020851873
0.02084258
0.02048723
0.020461537
0.020426659
0.020322729
0.020249033
0.020140065
0.019995628
0.01995694
0.01980329
0.019550089
0.01954999
0.019406466
0.019314975
0.019251995
0.019186305
0.019128801
0.019127823
0.019102331
0.0191015
0.019074118
0.018980298
0.018962292
0.01885729
0.018847462
0.018791407
0.018778896
0.018749138
0.01874484
0.018740145
0.018639458
0.018634519
0.018569047
0.018554943
0.018507339
0.018499676
0.018432755
0.01836326
0.018346243
0.018333683
