0.023436202
0.02156769
0.021456359
0.020733362
0.020441094
0.020411175
0.020296661
0.020249754
0.020158444
0.020156223
0.020131202
0.020125275
0.020119894
0.020108463
0.020100698
0.020096665
0.02009477
0.020065824
0.020052224
0.02004647
0.020013098
0.020012546
0.019995729
0.019986546
0.019982442
0.019977717
0.019917296
0.019900296
0.01981745
0.019809853
0.019794032
0.019793129
0.019725332
0.019676449
0.019655226
0.019654393
0.019634634
0.01962727
0.019540654
0.01950647
0.019498598
0.019496791
0.019472614
0.01945107
0.019444335
0.019394407
0.019359648
0.01934831
0.019338746
0.019326381
