0.024492329
0.024071608
0.022736238
0.022660002
0.021686062
0.021614317
0.02140795
0.021144876
0.021132829
0.021029556
0.02102924
0.02082631
0.020702457
0.020495018
0.020404965
0.020291992
0.020274932
0.020246882
0.020219456
0.020179555
0.020163873
0.020092249
0.02008515
0.020076247
0.01982545
0.019780753
0.019609675
0.019596633
0.019559192
0.019543838
0.019191422
0.019177882
0.019152384
0.01912636
0.01901363
0.019009762
0.019008804
0.018918706
0.018866824
0.018807504
0.018752204
0.018724775
0.01864137
0.018452648
0.018446317
0.018430907
0.018419083
0.018399924
0.018242856
0.018237015
