0.022995124
0.022888815
0.021240136
0.021133203
0.02107448
0.020967046
0.020906923
0.020783579
0.020653468
0.020547478
0.020501966
0.020500896
0.020498967
0.02037812
0.02030539
0.020120345
0.020106448
0.02008284
0.02007897
0.020078275
0.020059537
0.02005248
0.02003008
0.020005036
0.019931255
0.019908754
0.019894715
0.019821886
0.019794872
0.019764023
0.019758716
0.019706292
0.019681763
0.019635128
0.01957557
0.019572297
0.019433968
0.019432288
0.019369075
0.019293297
0.019264221
0.019239465
0.019202482
0.019201094
0.019063922
0.018854743
0.018773494
0.018637711
0.018605338
0.01859401
