0.029771782
0.026603194
0.026209429
0.022756211
0.0226939
0.022404868
0.02232719
0.022104466
0.022026261
0.02168965
0.021658437
0.021002054
0.02096086
0.020886434
0.020842304
0.020752313
0.020700615
0.020453848
0.020255843
0.020190626
0.020037353
0.019981885
0.019390892
0.01908825
0.019064179
0.019018987
0.018968172
0.018881366
0.018830331
0.018812988
0.018713256
0.018707335
0.018650629
0.018324468
0.018286152
0.018242404
0.018142337
0.0181092
0.01803559
0.018002568
0.017966164
0.017883576
0.017881291
0.017869733
0.017847838
0.017841421
0.017832467
0.01780726
0.017758263
0.017733298
