1.7692307692307692
1.4615384615384615
1.7692307692307692
1.7692307692307692
1.7692307692307692
1.4615384615384615
1.4615384615384615
1.8461538461538463
1.8461538461538463
1.3076923076923077
1.7692307692307692
1.7692307692307692
1.0769230769230769
1.2307692307692308
1.0
1.3076923076923077
1.2307692307692308
1.5384615384615385
1.8461538461538463
1.3076923076923077
1.6923076923076923
1.7692307692307692
1.8461538461538463
1.3846153846153846
1.4615384615384615
1.5384615384615385
1.5384615384615385
1.7692307692307692
1.3846153846153846
1.4615384615384615
1.3076923076923077
1.6923076923076923
1.6153846153846154
1.2307692307692308
1.4615384615384615
1.0769230769230769
1.2307692307692308
1.3846153846153846
1.6923076923076923
1.6923076923076923
1.6153846153846154
1.0769230769230769
1.4615384615384615
1.5384615384615385
1.3076923076923077
1.6153846153846154
1.6153846153846154
1.6153846153846154
1.3846153846153846
1.3846153846153846
