0.032693475
0.02694828
0.024827456
0.023853227
0.023770463
0.023555772
0.02292429
0.022473883
0.022258284
0.021428967
0.020995297
0.020920843
0.02088122
0.020358246
0.020247702
0.02019193
0.020078525
0.019948607
0.019866908
0.019844411
0.019558303
0.019282885
0.019035935
0.0190179
0.019006534
0.0189944
0.018974727
0.018925471
0.01886442
0.018783884
0.018737968
0.018676968
0.018661883
0.018573338
0.018515738
0.018460644
0.01823063
0.018135864
0.018122792
0.018109074
0.018100018
0.018047426
0.017957954
0.017903384
0.017702777
0.017627934
0.017544039
0.017522248
0.01745698
0.017400062
