0.45454545454545453
0.5454545454545454
0.45454545454545453
0.45454545454545453
0.45454545454545453
0.2727272727272727
0.45454545454545453
0.5454545454545454
0.45454545454545453
0.45454545454545453
0.45454545454545453
0.5454545454545454
0.45454545454545453
0.36363636363636365
0.45454545454545453
0.2727272727272727
0.5454545454545454
0.45454545454545453
0.45454545454545453
0.45454545454545453
0.45454545454545453
0.5454545454545454
0.45454545454545453
0.36363636363636365
0.45454545454545453
0.45454545454545453
0.2727272727272727
0.45454545454545453
0.45454545454545453
0.5454545454545454
0.5454545454545454
0.45454545454545453
0.36363636363636365
0.6363636363636364
0.5454545454545454
0.45454545454545453
0.45454545454545453
0.36363636363636365
0.36363636363636365
0.5454545454545454
0.2727272727272727
0.45454545454545453
0.45454545454545453
0.45454545454545453
0.5454545454545454
0.45454545454545453
0.36363636363636365
0.45454545454545453
0.36363636363636365
0.5454545454545454
