0.023556659
0.02304106
0.022272423
0.021197202
0.02107077
0.021028973
0.021007868
0.020975715
0.020951003
0.020943567
0.020905757
0.020792145
0.020755976
0.020610584
0.020602338
0.020577544
0.020563357
0.020459672
0.020430265
0.020402126
0.0203079
0.02007471
0.020064844
0.020061921
0.019943396
0.019858189
0.019778963
0.01968632
0.01964647
0.019634476
0.019520616
0.019498665
0.019423185
0.01936265
0.019310454
0.019276274
0.019219348
0.019076236
0.019040268
0.019017661
0.018941982
0.018834954
0.01865369
0.018629868
0.018620845
0.018538361
0.01852713
0.018515933
0.018403001
0.018386621
