0.028049646
0.027242975
0.024458986
0.023637041
0.022917304
0.02266654
0.022573095
0.022225372
0.021758968
0.021539714
0.021340929
0.021306532
0.020605337
0.020586127
0.020381398
0.020315837
0.020305812
0.02010616
0.020021908
0.01998886
0.019907521
0.01983689
0.019763252
0.019538108
0.019491903
0.01948424
0.019477323
0.019270163
0.019148787
0.019041063
0.01895434
0.018914558
0.01886621
0.018656647
0.01864906
0.018274818
0.01819411
0.018102167
0.018092355
0.018035555
0.0180259
0.017968383
0.01792852
0.017885007
0.017815089
0.017796217
0.017787024
0.0177056
0.017687006
0.017673671
