0.022560254
0.021677354
0.02147842
0.021032726
0.020969566
0.02080533
0.020792836
0.020648567
0.020614188
0.020446196
0.020310242
0.020288166
0.020220986
0.020160679
0.020117933
0.020081447
0.020065561
0.020016765
0.020006161
0.019999428
0.019983057
0.019884082
0.019875841
0.019803891
0.01978683
0.019752868
0.01974306
0.01969832
0.019678012
0.019672776
0.019662045
0.019652227
0.019647177
0.019647144
0.019641481
0.019610116
0.019547356
0.019529063
0.019506134
0.019433042
0.019429656
0.019424804
0.019405628
0.019405302
0.019398892
0.019389274
0.019387543
0.019377539
0.019367818
0.0193662
