0.021284228
0.021161433
0.021092817
0.021012664
0.020806026
0.020771893
0.020695223
0.020616176
0.020491606
0.020437732
0.020408452
0.02037001
0.020337276
0.020314056
0.020239066
0.020207616
0.020096812
0.020096535
0.020086503
0.020058153
0.020019349
0.019973418
0.019957181
0.019907793
0.019885162
0.0198228
0.019808259
0.019753838
0.019749753
0.019688532
0.01967934
0.019663544
0.019622065
0.01960527
0.019584863
0.019582892
0.01957345
0.01957088
0.019562768
0.019561687
0.01954553
0.01953723
0.019518305
0.01949716
0.019486226
0.019484045
0.019470753
0.019456623
0.01943961
0.019407323
