0.022688244
0.022080168
0.021901159
0.021610389
0.02140643
0.020991024
0.02077664
0.020541314
0.020335682
0.02031335
0.020304846
0.020257065
0.020212788
0.020207435
0.020110616
0.020040259
0.02003044
0.019932956
0.019909479
0.019897282
0.019896701
0.019875417
0.019860275
0.019811543
0.019793198
0.019784845
0.019768478
0.01975211
0.019742427
0.019741606
0.01966338
0.019618833
0.019597964
0.01956046
0.019528909
0.019528706
0.019486511
0.019448224
0.019435428
0.019427074
0.019414727
0.019377632
0.019364633
0.01936126
0.019290332
0.019284144
0.019271657
0.019264068
0.019251594
0.019250322
