0.028348448
0.026035855
0.025855837
0.024936508
0.022560127
0.022193143
0.022179393
0.02205396
0.021417102
0.02115891
0.02088262
0.020488914
0.020392416
0.02037825
0.020262327
0.0201921
0.019886473
0.019878343
0.019621467
0.019620392
0.01952635
0.019524317
0.019512994
0.019498602
0.019367708
0.019103225
0.019100588
0.019053973
0.019032538
0.019021502
0.0189911
0.018985167
0.018942984
0.018916056
0.01886768
0.01884515
0.01883739
0.018700583
0.01868616
0.01862629
0.01859968
0.01836243
0.01801003
0.018002154
0.01800141
0.017989438
0.017941946
0.017876038
0.017872667
0.017861374
