0.028315587
0.027627312
0.026152391
0.025544005
0.024126694
0.02222682
0.022093177
0.022089181
0.021985289
0.021855867
0.021799296
0.021499649
0.0212753
0.020793222
0.02074009
0.020574294
0.020338489
0.02032896
0.02022426
0.020216817
0.019700974
0.01959177
0.019573316
0.019546622
0.019517833
0.019371923
0.019319123
0.018973904
0.018736036
0.01866144
0.018448984
0.01843545
0.018359046
0.018345991
0.018202879
0.018170102
0.018006507
0.017956771
0.017853405
0.01773524
0.017719738
0.017702255
0.017667398
0.017631497
0.017565545
0.017550541
0.017510774
0.017501919
0.017445594
0.01739083
