0.03454017
0.028709318
0.02813778
0.026794106
0.024324529
0.023019936
0.022683047
0.022488607
0.02192206
0.021255167
0.020984715
0.020805977
0.020801881
0.020594785
0.020506054
0.020397348
0.020351814
0.020073708
0.019900974
0.019721003
0.019529644
0.019457899
0.019209934
0.019112872
0.018896144
0.018547874
0.018478774
0.01845845
0.018450016
0.018213516
0.018180838
0.01811621
0.018115662
0.01798597
0.017963033
0.017914306
0.017883657
0.01779337
0.017667362
0.017653922
0.0175833
0.017568754
0.017557232
0.01752002
0.017462622
0.017413799
0.017413385
0.01737239
0.017265286
0.017200785
