0.0219938
0.021406515
0.021046393
0.020923339
0.020896412
0.020722082
0.020631343
0.020542877
0.020511877
0.020362915
0.020318411
0.020243373
0.0202376
0.020172484
0.020142572
0.0201397
0.020057777
0.02005235
0.020050144
0.019997275
0.019970186
0.019957108
0.019953944
0.019936688
0.019931845
0.01991142
0.019834783
0.019813605
0.019800272
0.019770766
0.019744158
0.019734103
0.019701038
0.01969901
0.01961294
0.019610051
0.019602207
0.019600693
0.019597486
0.01958642
0.019541701
0.019536113
0.019521909
0.019420618
0.019383961
0.019377006
0.01936541
0.019353354
0.01935286
0.01932907
