0.02674737
0.02424137
0.023828175
0.022873688
0.022334548
0.022270912
0.021991024
0.021673208
0.02162697
0.021422276
0.020711474
0.02063094
0.020601796
0.020333817
0.020233996
0.020226538
0.02009627
0.020032108
0.019856986
0.019769581
0.019757926
0.01965441
0.019536382
0.019422546
0.019417597
0.019363996
0.019301178
0.01930039
0.019250976
0.019205863
0.01919449
0.019193666
0.018988898
0.018985571
0.018961411
0.018958049
0.018930392
0.018835552
0.018828426
0.01880462
0.018731581
0.018730802
0.018684188
0.01855283
0.018528828
0.018496566
0.018285822
0.018241134
0.018215539
0.018137308
