0.039110873
0.033450738
0.033091813
0.02780932
0.027392548
0.027054057
0.023797764
0.022562576
0.021960478
0.021960005
0.021605778
0.020513436
0.019979786
0.019563483
0.01947271
0.019346284
0.019339548
0.01889717
0.018757332
0.018742532
0.018700022
0.018556472
0.01849476
0.018484488
0.018454341
0.018356176
0.018324863
0.01822324
0.018082261
0.018034816
0.018018369
0.017982155
0.017965747
0.017918743
0.017681831
0.017431509
0.017329864
0.017287662
0.017074754
0.017064296
0.017026035
0.016872311
0.016778085
0.016592635
0.016564477
0.016560825
0.016554309
0.016507255
0.016419534
0.016249895
