0.022178706
0.021894908
0.02171556
0.021336578
0.021140885
0.021105414
0.021002972
0.020847823
0.020683844
0.02066531
0.020517787
0.020430373
0.020411829
0.020397028
0.0203881
0.020380383
0.020255018
0.020073578
0.02002664
0.019980716
0.01994925
0.019823914
0.019820185
0.019805862
0.019798605
0.019762436
0.019760286
0.019703653
0.019608663
0.01958562
0.019541979
0.01951443
0.019490482
0.019447014
0.019440496
0.019432876
0.01938876
0.019381752
0.019380579
0.01932087
0.019304346
0.019296944
0.019287104
0.019283714
0.019269997
0.019265559
0.019264877
0.01923521
0.01922489
0.019176133
