0.36363636363636365
0.45454545454545453
0.6363636363636364
0.7272727272727273
0.7272727272727273
0.7272727272727273
0.5454545454545454
0.36363636363636365
0.36363636363636365
0.45454545454545453
0.36363636363636365
0.5454545454545454
0.5454545454545454
1.0909090909090908
0.7272727272727273
0.7272727272727273
0.7272727272727273
1.0909090909090908
1.0909090909090908
0.7272727272727273
0.5454545454545454
0.7272727272727273
0.6363636363636364
1.1818181818181819
0.8181818181818182
0.8181818181818182
1.0909090909090908
1.0909090909090908
0.6363636363636364
0.8181818181818182
0.36363636363636365
0.7272727272727273
1.0909090909090908
0.8181818181818182
0.45454545454545453
0.8181818181818182
0.8181818181818182
1.0909090909090908
1.0
0.6363636363636364
0.8181818181818182
0.8181818181818182
1.0
1.0909090909090908
0.6363636363636364
1.0
0.9090909090909091
1.0
1.0909090909090908
0.8181818181818182
