0.023202498
0.022430668
0.02166374
0.021517908
0.021456022
0.021329816
0.021184454
0.020974914
0.020744646
0.020500535
0.020415269
0.020391313
0.020259855
0.020255905
0.020181794
0.02017235
0.02017033
0.019970767
0.019927353
0.01988958
0.019805266
0.019763889
0.019741498
0.01971264
0.019679338
0.019666057
0.019656997
0.019627366
0.019616392
0.019599816
0.019587573
0.019509768
0.019509412
0.0194663
0.019453416
0.019446502
0.01943229
0.019411275
0.019404965
0.019382985
0.019341784
0.01932369
0.01924392
0.019241767
0.019153543
0.019146232
0.019134207
0.01910853
0.0191011
0.019091707
