0.024726633
0.023080898
0.023022171
0.022768931
0.022070678
0.021828296
0.02166338
0.0214451
0.021383412
0.021364586
0.021073114
0.020982414
0.020663138
0.020548448
0.020321874
0.020316554
0.02006993
0.01994106
0.01993288
0.019851467
0.019680046
0.019620696
0.01953814
0.019464819
0.019422527
0.019345677
0.019294865
0.019275963
0.01923057
0.01922923
0.01922669
0.01916533
0.019156726
0.019130187
0.019106433
0.019099629
0.019093046
0.019009303
0.018998096
0.01898922
0.018981168
0.018953627
0.018939713
0.018840756
0.018814288
0.018803269
0.01872259
0.018626697
0.018615646
0.018570067
