1.0
2.5714285714285716
2.142857142857143
2.5714285714285716
1.7142857142857142
1.2857142857142858
3.2857142857142856
1.0
1.0
2.5714285714285716
1.1428571428571428
2.7142857142857144
2.5714285714285716
1.2857142857142858
2.7142857142857144
2.2857142857142856
2.2857142857142856
2.142857142857143
2.7142857142857144
2.5714285714285716
2.7142857142857144
2.7142857142857144
2.5714285714285716
2.2857142857142856
2.5714285714285716
2.4285714285714284
2.4285714285714284
3.0
2.5714285714285716
2.5714285714285716
2.5714285714285716
1.7142857142857142
2.5714285714285716
2.4285714285714284
3.4285714285714284
2.2857142857142856
2.5714285714285716
2.5714285714285716
1.0
2.4285714285714284
2.5714285714285716
2.2857142857142856
2.7142857142857144
2.7142857142857144
2.857142857142857
2.5714285714285716
1.1428571428571428
1.0
1.1428571428571428
2.4285714285714284
