0.027039483
0.025293978
0.025290465
0.025040159
0.024045354
0.021989444
0.02140746
0.021132594
0.021023331
0.020944918
0.020347193
0.020256422
0.020201914
0.020197311
0.020187255
0.020137109
0.020010062
0.019950982
0.01981217
0.019680806
0.01965848
0.019346496
0.019345216
0.019313848
0.019308066
0.019258764
0.019240048
0.019120209
0.019069277
0.019004218
0.018986579
0.018913103
0.018857725
0.01885426
0.018815836
0.018801449
0.018757481
0.018746018
0.018742518
0.018720957
0.018700639
0.01869449
0.01860987
0.018594412
0.018557573
0.01854862
0.018456312
0.018360786
0.01831865
0.018309673
