0.025094373
0.022573717
0.022371266
0.022332134
0.021763967
0.02147125
0.021216061
0.021067014
0.021026202
0.020882959
0.020829262
0.020717591
0.020626152
0.020453308
0.0204095
0.020366976
0.020279232
0.020229382
0.020192314
0.019976059
0.019873278
0.019823542
0.019720547
0.019698082
0.019630793
0.019618535
0.019616127
0.01958143
0.019492455
0.01945681
0.019454122
0.019412836
0.01927687
0.01918648
0.019066045
0.019048054
0.019047277
0.018953286
0.018940931
0.018930295
0.018924585
0.018885966
0.018885141
0.018875761
0.018848162
0.01883119
0.018803101
0.018767778
0.018738437
0.018733377
