0.029188614
0.025021287
0.02473875
0.023700446
0.022549562
0.022311348
0.021777693
0.021437993
0.020757968
0.020755308
0.020745784
0.020582916
0.020550609
0.020532923
0.02052912
0.020296175
0.020003213
0.01993358
0.01992554
0.019794626
0.019781027
0.019749185
0.019544017
0.019535897
0.019490464
0.019468589
0.01945724
0.019434353
0.01940821
0.019199708
0.01917699
0.019045029
0.018970514
0.018909821
0.018897336
0.018884184
0.01876031
0.018668098
0.01864448
0.018602021
0.018333297
0.018296806
0.01820381
0.018170323
0.01816792
0.018131975
0.018119656
0.018020835
0.017903244
0.01789118
