0.023148939
0.022671018
0.022430994
0.022390654
0.02221969
0.022028327
0.021554237
0.021551881
0.021138245
0.020977063
0.020889658
0.020582106
0.020548385
0.020467917
0.020463912
0.020452933
0.02035346
0.020124529
0.020083698
0.019934332
0.019912297
0.019852806
0.0198418
0.019836146
0.019667331
0.019659039
0.0196493
0.019635094
0.01946171
0.01942067
0.019380977
0.019295802
0.019250603
0.019222679
0.019157307
0.019155314
0.019117946
0.019105125
0.0191001
0.019043338
0.018980252
0.018970516
0.018819833
0.018757174
0.018684411
0.018664915
0.01862085
0.018609203
0.018578703
0.0185367
