0.02723329
0.02488746
0.02246404
0.022339905
0.021040415
0.02093408
0.020422911
0.020365115
0.020301148
0.020280669
0.020200914
0.02016324
0.019976057
0.019950574
0.019898525
0.019810598
0.019810587
0.019762337
0.019743165
0.01973666
0.019678598
0.019669486
0.019660985
0.01963881
0.019611884
0.019602288
0.019554045
0.01954289
0.019499296
0.01945191
0.019419404
0.01939371
0.019337563
0.019315887
0.019315738
0.019310424
0.019298142
0.019271933
0.019258294
0.01921956
0.01921005
0.019204998
0.019180326
0.019173343
0.019153444
0.019146908
0.01914591
0.019143477
0.019138508
0.01913046
