0.02570879
0.024753297
0.024192417
0.023771487
0.02346303
0.022899464
0.022511555
0.021812705
0.02160231
0.021206044
0.020956464
0.020880366
0.020820888
0.020699296
0.020351784
0.020319749
0.020313444
0.020287782
0.020107586
0.020100938
0.020092128
0.019939866
0.01973038
0.01970081
0.019594546
0.019547315
0.019382868
0.019205512
0.01913102
0.019121012
0.019115016
0.019081883
0.019000491
0.01880672
0.018768175
0.018727794
0.01864675
0.018607749
0.018604929
0.018562753
0.018343536
0.018161576
0.018105933
0.018101754
0.018091656
0.018043155
0.017881451
0.017791051
0.017685842
0.017666843
