0.025256356
0.02505463
0.024530578
0.02330421
0.022896731
0.022448001
0.022374798
0.02225327
0.02115594
0.02079546
0.020764986
0.0205097
0.020490274
0.020436367
0.020382637
0.020343952
0.0203027
0.020213775
0.02011763
0.02000207
0.019946521
0.01979041
0.019776266
0.019604314
0.01949964
0.019466842
0.019444155
0.01941733
0.019303748
0.019217892
0.019156082
0.019133894
0.01913297
0.018932
0.018840443
0.01863267
0.018551802
0.018539142
0.01847996
0.018471587
0.018469252
0.018442051
0.018413661
0.01840218
0.018331284
0.018277459
0.018228345
0.018164152
0.018153816
0.01814609
