0.025088483
0.024046266
0.023750328
0.023220265
0.022818722
0.022174349
0.021181887
0.020708509
0.020648023
0.020551153
0.020251613
0.019994467
0.01992679
0.019895665
0.019775076
0.019758303
0.01970535
0.019668223
0.019640418
0.019603658
0.019586211
0.019558849
0.019333132
0.01932654
0.019317232
0.019304194
0.019299813
0.019298086
0.019293254
0.019285351
0.019279504
0.019274853
0.019267228
0.019264093
0.019259084
0.01924351
0.01924265
0.019241912
0.019229252
0.01922376
0.019220907
0.01921582
0.019202268
0.019174257
0.019167991
0.01915189
0.019102134
0.019098466
0.019075945
0.019054279
