0.023169318
0.022682963
0.022299783
0.021377487
0.021364626
0.02075734
0.020586487
0.020526618
0.020495234
0.020316744
0.020241048
0.020225719
0.020209236
0.020200912
0.020176593
0.020172244
0.02006675
0.019930262
0.01990713
0.019876633
0.019856816
0.019848978
0.019847503
0.019839456
0.019781025
0.019750977
0.019749593
0.01972511
0.01971994
0.019716958
0.019708958
0.01970813
0.019549819
0.01954783
0.019502262
0.019459669
0.019441549
0.019380512
0.019366655
0.019364981
0.019361794
0.01936121
0.019340843
0.019328658
0.019272352
0.019193327
0.019189747
0.019171616
0.01916553
0.019165127
