0.031072041
0.02525129
0.02489292
0.02475683
0.024224523
0.022391232
0.022389324
0.021824801
0.021567548
0.021135334
0.020909874
0.020877989
0.020861058
0.020786894
0.020742076
0.02071812
0.020548498
0.020335028
0.019985573
0.019832179
0.019776326
0.019594505
0.019592838
0.01955283
0.019440508
0.0191524
0.019074766
0.019069972
0.018957764
0.018779159
0.018655185
0.018638441
0.018412732
0.018408073
0.018363554
0.018312292
0.018157529
0.018149093
0.018143294
0.018096024
0.018008836
0.017980332
0.01795894
0.017953549
0.017873283
0.017870003
0.017841874
0.017802147
0.017742049
0.017538523
