0.030844767
0.028040878
0.027547583
0.02563835
0.024289135
0.023431022
0.023185918
0.022434715
0.021952422
0.0218803
0.021844113
0.020913595
0.020727077
0.020586744
0.02043981
0.019870417
0.019761086
0.019738022
0.019492775
0.019273428
0.019245839
0.019090315
0.018942436
0.018930433
0.01891045
0.018850556
0.018818289
0.01878446
0.01875493
0.0186718
0.018650679
0.01855659
0.018499868
0.018326808
0.01824144
0.01818342
0.018160576
0.01816011
0.0180649
0.018063158
0.01805001
0.018021248
0.018020755
0.017707763
0.017652867
0.017640011
0.01754573
0.017241407
0.017162351
0.017158687
