0.028085142
0.02244476
0.020807467
0.020760426
0.02058457
0.020478925
0.020457298
0.020440385
0.020425009
0.02032957
0.020232532
0.020218432
0.020190006
0.020182997
0.020169726
0.020123912
0.020033106
0.019951768
0.019876676
0.01987509
0.019868752
0.01984257
0.0197996
0.01973898
0.019720225
0.01966206
0.019564942
0.0195647
0.019564057
0.019563029
0.019556444
0.01954022
0.019526327
0.019509688
0.019508354
0.01945056
0.01943538
0.019428704
0.019403784
0.019400429
0.01932627
0.019308887
0.019292893
0.019291714
0.01927066
0.019252496
0.019249769
0.019233538
0.019229708
0.019227425
