0.026374536
0.02512553
0.024191506
0.022925822
0.022763377
0.022184363
0.02201902
0.021930642
0.021805692
0.021784574
0.021725113
0.021559235
0.020871371
0.020750476
0.020720668
0.020656938
0.02028111
0.02007728
0.020050162
0.020041075
0.02002299
0.019982472
0.019738976
0.019648021
0.019635735
0.019568643
0.019481517
0.019454498
0.019427126
0.019302476
0.019047955
0.019029247
0.019020518
0.018942827
0.018858347
0.018788293
0.018470272
0.018442523
0.018344179
0.018343234
0.018220617
0.018014796
0.0179803
0.017930955
0.017892731
0.017880231
0.017737688
0.017653443
0.01765144
0.017649477
