0.026824644
0.024359547
0.023290036
0.023148654
0.022494974
0.022344049
0.022323627
0.021814926
0.02116639
0.020942347
0.02078124
0.020765621
0.020740695
0.020670783
0.02056064
0.020439109
0.020366447
0.020175423
0.019903267
0.019865863
0.019816317
0.019712174
0.019694978
0.019537643
0.019492632
0.01944035
0.019417321
0.019383293
0.019377377
0.019320274
0.019304054
0.01921579
0.019099945
0.019046366
0.018975962
0.018904885
0.018807825
0.01858667
0.018480372
0.01846849
0.018465245
0.018389685
0.01837182
0.01832627
0.018315097
0.018288331
0.018263474
0.01825044
0.018139953
0.018128667
