0.022176074
0.022033973
0.021321284
0.02060506
0.020541267
0.020297412
0.020272078
0.020190854
0.020188786
0.020164497
0.020125348
0.02011787
0.020094335
0.020072311
0.020060284
0.020054467
0.020053973
0.020027716
0.020001132
0.019986017
0.019981295
0.019965129
0.01992797
0.019901868
0.01989524
0.019863512
0.01984823
0.019832639
0.019832132
0.019827276
0.019802475
0.01971971
0.019692937
0.019690296
0.019684188
0.019679576
0.019670615
0.019664172
0.019654904
0.019632429
0.0196277
0.01962683
0.019610519
0.019589873
0.019587819
0.019582206
0.019569425
0.019552814
0.019552242
0.019549198
