0.023219144
0.021572672
0.020885326
0.020704063
0.02069906
0.020573068
0.020400947
0.020248765
0.020234365
0.020216009
0.020164618
0.020153336
0.02011782
0.020083658
0.020026164
0.020019352
0.019986691
0.019961325
0.019957572
0.019920332
0.019915877
0.019898
0.019893637
0.01986079
0.019857625
0.019854043
0.019836506
0.019807938
0.019789403
0.019762965
0.019721836
0.019720439
0.01972034
0.019699074
0.01969292
0.019685993
0.019684516
0.019670578
0.019657046
0.019612903
0.019606616
0.019587662
0.019577535
0.01957193
0.01956037
0.01953383
0.019533567
0.01952287
0.019510338
0.019508496
