0.031443454
0.031316046
0.028476836
0.027837863
0.023488227
0.023454426
0.02244117
0.022431197
0.022212066
0.021656519
0.021280589
0.02099353
0.020581089
0.020529559
0.020439275
0.020155888
0.020080213
0.019939538
0.019781368
0.019724218
0.019253073
0.019218855
0.019186804
0.019054387
0.018929001
0.018916503
0.018849745
0.018835884
0.018591104
0.018502463
0.018459432
0.018413333
0.018116059
0.018058889
0.018027121
0.017971069
0.017949002
0.017854802
0.017811932
0.017580265
0.01747825
0.017442504
0.017252915
0.017204272
0.017186135
0.017167393
0.017135784
0.017104516
0.017096879
0.017088592
