0.02405997
0.02335363
0.023077693
0.02290716
0.02235615
0.022198975
0.021315362
0.021088835
0.020939082
0.020810701
0.020753952
0.020406542
0.020357687
0.020256504
0.020053634
0.019917382
0.019898044
0.019864688
0.019830514
0.019756364
0.019748196
0.019739093
0.01973872
0.019702377
0.01967466
0.01960415
0.019577168
0.019566827
0.019558774
0.019495122
0.019454248
0.019407934
0.01937257
0.019363293
0.019243218
0.019237278
0.019223088
0.01911808
0.019066878
0.019029738
0.018993935
0.018989932
0.018967133
0.018906938
0.018775769
0.018746087
0.018708622
0.018610626
0.018605169
0.018571468
