0.025888221
0.022696972
0.02248948
0.022381913
0.022263315
0.021824814
0.021755826
0.021427989
0.020059656
0.020042205
0.02003413
0.019995099
0.019956045
0.019952057
0.01992179
0.019830823
0.019830285
0.019783637
0.019707762
0.019682888
0.019652948
0.019642808
0.019622296
0.019580856
0.01953007
0.019495742
0.019461896
0.01945813
0.019428873
0.019421658
0.019414643
0.01934441
0.01932464
0.019310584
0.019308604
0.01930488
0.019304866
0.01929045
0.019288713
0.01927803
0.019276807
0.019254563
0.019252418
0.019243335
0.019238701
0.01921346
0.019135963
0.019134836
0.019134406
0.019125452
