0.030424753
0.02710867
0.024381137
0.024252035
0.024183538
0.023086458
0.022419965
0.021837888
0.021760365
0.021611456
0.021604389
0.021365168
0.020924557
0.020830318
0.020532453
0.019839805
0.01983115
0.019824598
0.019812595
0.019752981
0.019594368
0.019453304
0.019438682
0.019319868
0.019280815
0.019070046
0.01882575
0.018789627
0.0186918
0.01861618
0.018420285
0.018384814
0.018383188
0.01836808
0.01834155
0.018317757
0.018317055
0.018295301
0.018263035
0.018250357
0.01823708
0.018079273
0.018063968
0.018062217
0.01806074
0.018012956
0.017995717
0.017960096
0.017885827
0.017836094
