0.023502182
0.021619955
0.02136987
0.02105352
0.021015283
0.020956475
0.020916607
0.020843543
0.020768251
0.020681472
0.020680882
0.020536745
0.020436024
0.020406153
0.020340016
0.020267505
0.020264992
0.020240406
0.020236203
0.019963425
0.019747518
0.019722216
0.019671174
0.01964307
0.01962183
0.019603431
0.019595644
0.019581279
0.019555649
0.01955276
0.01952295
0.019521397
0.019507747
0.019474031
0.019467462
0.019463824
0.019457825
0.019406714
0.019372452
0.019371105
0.019343873
0.019341733
0.019336415
0.01932908
0.01931333
0.019312011
0.019298393
0.019268341
0.019259771
0.019237578
