0.029032819
0.028217705
0.027300254
0.026813135
0.02624684
0.02560958
0.024171466
0.024115004
0.02366852
0.023292976
0.022434535
0.02176717
0.02106344
0.019864773
0.01939156
0.01938039
0.019168053
0.019165492
0.018742874
0.018702662
0.018696437
0.018632825
0.018590927
0.018528204
0.018512659
0.018451832
0.01843409
0.018322244
0.01828619
0.01823047
0.018164778
0.018052733
0.018043583
0.018037658
0.01800842
0.017978044
0.01796419
0.017961537
0.017959822
0.01791893
0.017879345
0.017853195
0.017843802
0.017731363
0.01766371
0.017654778
0.01764834
0.01763329
0.017600508
0.01756682
