0.041924525
0.025401795
0.024548817
0.023962747
0.022148687
0.021899624
0.02110176
0.020836333
0.020417467
0.020064946
0.019839857
0.019824443
0.019763904
0.01965667
0.019616524
0.019506928
0.019390814
0.019372366
0.019371536
0.019294282
0.019217044
0.019057034
0.019026168
0.01901867
0.018921645
0.018899586
0.018875584
0.018851228
0.018833477
0.018832486
0.018821273
0.018773964
0.018768422
0.018753313
0.018751388
0.018746087
0.018731525
0.018720271
0.018647807
0.018621562
0.018609976
0.01859702
0.018586066
0.018579436
0.018524842
0.018517593
0.018468138
0.018453287
0.018435815
0.018415414
