0.025024375
0.02249398
0.021971295
0.021641217
0.021599771
0.021538425
0.021421121
0.021333793
0.021173952
0.020931536
0.020886729
0.020645376
0.020602526
0.020595718
0.020588174
0.020377884
0.0202918
0.020195702
0.020064475
0.019959243
0.019902574
0.019887866
0.01980597
0.019804562
0.019691
0.019677226
0.019488003
0.01946029
0.019452004
0.019422552
0.019421041
0.019383945
0.019330833
0.019306635
0.019274388
0.01925028
0.019191856
0.01917497
0.01912907
0.019120311
0.019021517
0.018995635
0.018863263
0.01881324
0.018769102
0.018733434
0.018719047
0.018694801
0.01845369
0.018423827
