0.023825813
0.023483468
0.023475476
0.02322285
0.022782357
0.02261137
0.022167543
0.021569518
0.02146731
0.021362035
0.021128742
0.021054346
0.021028299
0.020948218
0.020766154
0.020675113
0.020539211
0.020460462
0.020295637
0.020128556
0.020097561
0.020044575
0.01967022
0.019532556
0.019526754
0.019487748
0.019441752
0.019404856
0.019398611
0.019342924
0.019217959
0.01901287
0.018994939
0.018906076
0.018899469
0.018896088
0.018851317
0.018838875
0.018773116
0.01857285
0.018517913
0.018378917
0.018347368
0.018325126
0.018197631
0.018139865
0.018112663
0.018045368
0.018040294
0.0179912
