0.026624478
0.023700137
0.02292831
0.021982523
0.021928001
0.021744493
0.021604659
0.02136987
0.021263173
0.021202022
0.021042557
0.020864483
0.020713463
0.020519208
0.02041931
0.020204062
0.020185778
0.020110235
0.019920439
0.019884318
0.01982232
0.019804047
0.01970049
0.01962607
0.019601041
0.019569458
0.019563435
0.01956021
0.019479293
0.019396763
0.019368507
0.019136835
0.019029034
0.019026289
0.0190114
0.018977575
0.018938884
0.018820606
0.01881105
0.018753113
0.018716615
0.018649861
0.018634899
0.01863152
0.018575542
0.018570853
0.018525304
0.018519934
0.018515037
0.018452382
