0.029661063
0.023525778
0.022938022
0.022255015
0.021913033
0.02164758
0.02128292
0.02126926
0.02126177
0.02121368
0.020631338
0.020561976
0.020445557
0.020339353
0.020273307
0.020248214
0.020232486
0.020129846
0.020073418
0.020010637
0.02000683
0.019982627
0.019841956
0.019773513
0.01976053
0.019739613
0.019731818
0.019622032
0.019518958
0.019230183
0.019171648
0.019076664
0.019073322
0.019049583
0.018963661
0.018958408
0.018929819
0.01892839
0.018805055
0.01872559
0.0186463
0.018564703
0.018500356
0.018434051
0.018406086
0.018189196
0.018133502
0.018129997
0.018112378
0.018078942
