0.0
0.16666666666666666
0.16666666666666666
0.3333333333333333
0.3333333333333333
0.16666666666666666
0.3333333333333333
1.0
0.16666666666666666
0.16666666666666666
3.0
3.5
0.16666666666666666
2.0
3.3333333333333335
3.3333333333333335
0.3333333333333333
1.1666666666666667
0.3333333333333333
2.0
3.6666666666666665
3.1666666666666665
0.16666666666666666
3.6666666666666665
2.1666666666666665
3.5
2.3333333333333335
3.5
3.1666666666666665
1.1666666666666667
3.6666666666666665
2.1666666666666665
2.0
3.0
2.0
0.3333333333333333
3.3333333333333335
3.5
0.16666666666666666
3.3333333333333335
3.0
2.1666666666666665
1.0
3.0
3.5
0.16666666666666666
3.1666666666666665
3.5
3.3333333333333335
0.16666666666666666
