0.03600401
0.03129709
0.030444486
0.025452692
0.024454156
0.023351911
0.022897145
0.022544695
0.021306438
0.02088429
0.020754173
0.02073485
0.020404607
0.020402865
0.020317858
0.019977259
0.019577691
0.0195316
0.019288156
0.01916232
0.01907268
0.018948486
0.018742727
0.018713282
0.018703923
0.018645588
0.018582774
0.018447611
0.01835891
0.018219855
0.018172774
0.01811555
0.018087415
0.01806852
0.01801988
0.017902223
0.0178411
0.017772999
0.017765557
0.017761549
0.017757004
0.017728126
0.017671207
0.017608194
0.017524183
0.017484283
0.017447544
0.017366404
0.017361691
0.017319601
