0.02913219
0.026267584
0.025761606
0.02500848
0.023794955
0.023441242
0.02317365
0.022353953
0.022166487
0.021895973
0.021565251
0.021424852
0.021394676
0.021262772
0.021025918
0.020664511
0.020556828
0.02031388
0.020289157
0.02027952
0.02024674
0.019999437
0.019859014
0.01906092
0.019055743
0.019051524
0.018805638
0.01872418
0.018658675
0.018612098
0.018582752
0.018575002
0.018382858
0.018191433
0.018158266
0.018094754
0.017833535
0.01781602
0.017783716
0.017756568
0.01765574
0.017628446
0.017592166
0.017545883
0.01754236
0.01746129
0.017439714
0.01743473
0.017341767
0.01733542
