0.022857115
0.022490831
0.021927882
0.021824807
0.021795182
0.0212094
0.021042269
0.020897526
0.020821078
0.02066336
0.02058355
0.020462798
0.020454291
0.020366203
0.020355914
0.020227958
0.020148074
0.020113047
0.020108255
0.020014165
0.02000859
0.019987661
0.01992234
0.019884465
0.019855812
0.019735696
0.019724187
0.019711256
0.019704442
0.019681914
0.019620635
0.019518832
0.01950045
0.019392334
0.019378632
0.019370398
0.019349925
0.019297764
0.01925882
0.01916845
0.019139098
0.019121643
0.01907331
0.018996181
0.018962752
0.018947914
0.018890688
0.018849233
0.01880089
0.01878197
