0.026017448
0.023752393
0.02325847
0.023210661
0.022525772
0.021826252
0.02169346
0.02125593
0.020874823
0.020807039
0.020505229
0.020426944
0.020274337
0.020241877
0.020192897
0.020139834
0.02006033
0.019993143
0.01986709
0.019791791
0.019672891
0.01964164
0.019635355
0.01953322
0.019513937
0.019475777
0.019309206
0.019295044
0.019275216
0.019269897
0.019232728
0.019171588
0.019158456
0.019123208
0.019116562
0.019032773
0.018988773
0.018978301
0.018955845
0.018953275
0.01890779
0.018843852
0.018819839
0.01881226
0.018785024
0.018781431
0.018776475
0.018775763
0.018740622
0.018707512
