0.026017644
0.025221217
0.024554655
0.024303002
0.023624603
0.023326816
0.022850882
0.022399198
0.02229489
0.02216463
0.021855135
0.021842325
0.020977091
0.020894919
0.020405428
0.020032845
0.020028545
0.020001296
0.019986173
0.019950273
0.019752607
0.01945917
0.019429488
0.019361448
0.01931175
0.019286102
0.018978396
0.018956445
0.018863097
0.018845141
0.018842403
0.018831316
0.01873895
0.018732348
0.018663457
0.018590502
0.018542767
0.018542757
0.018338285
0.018320957
0.01823813
0.018229418
0.01795271
0.017917601
0.017903408
0.017786488
0.017756792
0.017726664
0.017725626
0.017644206
