0.038790483
0.032214627
0.02888264
0.028310725
0.026683124
0.026639441
0.024101838
0.02302379
0.022454415
0.021458307
0.021089358
0.020899111
0.02079353
0.020288378
0.020287745
0.02012485
0.019998375
0.019451005
0.019305402
0.01906873
0.018915907
0.018731887
0.018722499
0.01851096
0.018499507
0.018400447
0.018356375
0.01828878
0.018059999
0.0180288
0.017745977
0.01772284
0.017616842
0.017597016
0.017538013
0.01749862
0.017421586
0.01730341
0.017273284
0.017235592
0.017214105
0.016765652
0.016725084
0.016682189
0.016637998
0.016614364
0.016586768
0.016507365
0.016483786
0.01644838
