0.022326002
0.022053795
0.021985995
0.021737304
0.0216354
0.02155454
0.021280652
0.021264901
0.021215003
0.021063557
0.020981114
0.020665836
0.020644719
0.020605095
0.020595837
0.020336846
0.02029736
0.020244302
0.020192647
0.020147823
0.020005194
0.01999397
0.019987674
0.0198346
0.01979014
0.019701563
0.019649358
0.019595435
0.019576875
0.0195503
0.019442778
0.019431038
0.019426746
0.01938958
0.019361923
0.01931554
0.019220622
0.019215863
0.019105248
0.019101905
0.019097267
0.019045284
0.018894808
0.018889057
0.01887765
0.018860428
0.01873768
0.018700503
0.018698031
0.018674234
