0.028133912
0.026564248
0.022504555
0.022384379
0.022236919
0.022216631
0.021940185
0.02180581
0.021786615
0.021735579
0.02067388
0.020575583
0.020564506
0.020564472
0.020552753
0.02051925
0.020375596
0.020225268
0.02022477
0.020154772
0.019708702
0.019642793
0.019598125
0.019475665
0.019434664
0.019419787
0.019312717
0.01911676
0.018975046
0.018972296
0.018931227
0.01884604
0.018837364
0.01875155
0.018734612
0.01866999
0.018669257
0.018645553
0.018616574
0.01856932
0.018491006
0.01847827
0.01842098
0.018415127
0.018409744
0.018369213
0.018224986
0.018191658
0.01816653
0.018164733
