0.023647487
0.023609487
0.022310771
0.021770252
0.021751212
0.021657042
0.021546565
0.02121852
0.021026203
0.0208689
0.020582452
0.020574331
0.02051339
0.02035344
0.020348482
0.02028576
0.020269789
0.020221746
0.020125244
0.019979568
0.019958677
0.019876229
0.019834766
0.019807223
0.019796977
0.019755749
0.019730832
0.019683989
0.019654613
0.019620756
0.019529076
0.019445866
0.019427756
0.019410407
0.019409562
0.01930275
0.019248255
0.01901765
0.018966157
0.018908633
0.018882038
0.018804949
0.018760692
0.018720267
0.018696949
0.018686224
0.018650047
0.018622607
0.018614613
0.018515067
