0.7272727272727273
0.7272727272727273
0.7272727272727273
0.7272727272727273
1.9090909090909092
0.7272727272727273
0.6363636363636364
0.7272727272727273
0.8181818181818182
0.6363636363636364
1.5454545454545454
1.1818181818181819
0.6363636363636364
0.7272727272727273
0.7272727272727273
0.5454545454545454
0.6363636363636364
0.7272727272727273
0.7272727272727273
0.7272727272727273
1.9090909090909092
0.7272727272727273
0.7272727272727273
0.6363636363636364
0.6363636363636364
0.6363636363636364
0.7272727272727273
1.9090909090909092
0.5454545454545454
0.7272727272727273
0.7272727272727273
0.7272727272727273
1.8181818181818181
1.9090909090909092
0.7272727272727273
0.6363636363636364
0.6363636363636364
0.7272727272727273
1.8181818181818181
0.7272727272727273
1.8181818181818181
0.7272727272727273
1.5454545454545454
1.8181818181818181
1.9090909090909092
0.7272727272727273
1.5454545454545454
0.6363636363636364
0.6363636363636364
0.7272727272727273
