0.03446004
0.02736335
0.023814332
0.023384321
0.023219615
0.02290339
0.022755358
0.02256576
0.022008335
0.021578493
0.021347903
0.020917257
0.02087046
0.02060484
0.020026442
0.0199777
0.019877521
0.019634936
0.019606862
0.01946291
0.019424286
0.019409997
0.019401968
0.019376634
0.019200088
0.018959442
0.018892193
0.018857356
0.01883455
0.018828787
0.01881902
0.018684134
0.018595748
0.018470269
0.018452864
0.01835146
0.018295316
0.018239187
0.018159218
0.018103357
0.01809256
0.018075284
0.017982602
0.017890112
0.017849619
0.017763162
0.017690623
0.017686842
0.017630536
0.017602917
