0.026181635
0.025620006
0.025131764
0.024526555
0.024046708
0.023609024
0.02348908
0.023381509
0.022945685
0.022891374
0.022267222
0.021980496
0.021873824
0.021476293
0.021335509
0.021297252
0.020889739
0.020748258
0.019565003
0.019376945
0.019176709
0.018955225
0.018860769
0.018856734
0.018720733
0.018700952
0.018586105
0.018569944
0.018547816
0.01840063
0.018383745
0.018276524
0.018267715
0.018240707
0.018236976
0.01815448
0.018121196
0.018089324
0.01801659
0.017995985
0.017981993
0.017918399
0.01790095
0.01789398
0.017834557
0.01780665
0.017787253
0.017741466
0.01768899
0.017653052
