0.03634784
0.036107462
0.031565435
0.031363897
0.031174019
0.027953919
0.024730124
0.023602867
0.022721538
0.022578185
0.022024851
0.021676358
0.0214263
0.020135285
0.019650519
0.019363413
0.019256726
0.019184355
0.01916157
0.019147206
0.018928971
0.018925903
0.018491521
0.018426029
0.018197367
0.017965203
0.017906148
0.017783877
0.017666025
0.017421706
0.01739116
0.017253974
0.01720483
0.01712846
0.01704997
0.01693068
0.016877297
0.01686865
0.016752884
0.01674509
0.016711835
0.01638887
0.016378945
0.016024774
0.015856039
0.015662938
0.015627893
0.015467399
0.015430513
0.015363143
