0.027588056
0.027284982
0.026991548
0.02456005
0.023941897
0.023922432
0.023362812
0.023349177
0.022163406
0.021860791
0.021605397
0.021553244
0.021111967
0.020809695
0.020515075
0.020508954
0.020441255
0.0201525
0.020122891
0.019852085
0.019730272
0.019478315
0.019348584
0.019153232
0.019025257
0.018983735
0.018869186
0.01865623
0.018648777
0.018480383
0.018401228
0.018318202
0.01826161
0.018204376
0.01819852
0.018157462
0.018054271
0.017919887
0.017906837
0.017889606
0.01786412
0.01779239
0.017788298
0.017668396
0.017650606
0.017618453
0.017589493
0.017570548
0.017537272
0.01753626
