0.027474398
0.023670116
0.023030072
0.022509653
0.022345275
0.021691334
0.021582397
0.021329068
0.021120425
0.02100583
0.020961348
0.020950876
0.020794624
0.020741776
0.02062236
0.020552918
0.020421924
0.02035047
0.020341897
0.020333622
0.020217914
0.020190466
0.019971019
0.019955637
0.019363234
0.019334948
0.019115912
0.019084297
0.019070799
0.018949708
0.01894611
0.018945126
0.018918017
0.018878847
0.018870555
0.018817602
0.018793939
0.018757721
0.018676277
0.01861821
0.018609008
0.018599248
0.018571088
0.018564336
0.0184411
0.018433265
0.018421892
0.018395374
0.018371284
0.018286617
