0.021944314
0.021520019
0.021444028
0.02140226
0.021256154
0.02109757
0.02093683
0.020837337
0.020806937
0.02079117
0.020765832
0.020701537
0.02060925
0.020601029
0.020422015
0.020272767
0.020214314
0.020163415
0.02010929
0.020012327
0.019970005
0.019959236
0.019954413
0.019921271
0.019874139
0.019840129
0.019824201
0.019752637
0.019734073
0.019710023
0.019669475
0.019595884
0.01951896
0.019495826
0.01942341
0.019342147
0.019330997
0.019329535
0.019326987
0.01931232
0.019294858
0.019218357
0.019164529
0.01915707
0.019108674
0.019099314
0.019091774
0.019037955
0.01901843
0.019014953
