0.028963657
0.0287677
0.028502425
0.027686203
0.026860908
0.023704661
0.023263277
0.022923766
0.022922399
0.022746088
0.022029774
0.021497266
0.021377252
0.021039233
0.020928359
0.020777352
0.020451967
0.02019986
0.020107694
0.02007877
0.0199978
0.019804968
0.019330518
0.018776407
0.018535614
0.018493164
0.018004509
0.01798052
0.017975708
0.017957259
0.017901849
0.017889224
0.017834533
0.017692747
0.017646652
0.017634079
0.017524196
0.01749862
0.017470954
0.01746332
0.017395232
0.017349238
0.017319284
0.017230922
0.017180124
0.01717658
0.017147297
0.017081292
0.016956624
0.016922094
