0.02733555
0.026177831
0.025399227
0.02443501
0.024394514
0.02202771
0.021717077
0.02156936
0.021096818
0.02106332
0.020956893
0.020752981
0.020550042
0.0204735
0.020224065
0.02010229
0.019770773
0.019659862
0.01960944
0.019530306
0.019300284
0.019283285
0.019256355
0.019122062
0.019118449
0.019111952
0.019102924
0.019043578
0.019026056
0.01887653
0.018859446
0.018855978
0.018799271
0.018792402
0.018767318
0.018701518
0.018636981
0.018612964
0.01858703
0.018553834
0.018539429
0.018535355
0.018479142
0.018477753
0.018467572
0.018458022
0.018453937
0.018451352
0.018450454
0.018432181
