0.027972512
0.027812138
0.023806732
0.023638083
0.021783039
0.02144816
0.021213936
0.021132257
0.020363785
0.0202615
0.020225342
0.02017578
0.02016049
0.02007633
0.01982858
0.019764034
0.019615954
0.01956881
0.019512314
0.01946643
0.019454407
0.019400118
0.01939721
0.019348463
0.019341001
0.01933368
0.019329062
0.019281588
0.019244926
0.019194579
0.019168667
0.019166179
0.01915775
0.019116981
0.019115541
0.019059164
0.019031728
0.018984998
0.01896275
0.018880248
0.01887496
0.018869769
0.0188577
0.018855222
0.018834863
0.01882696
0.018814763
0.01879518
0.018757712
0.018717648
