0.028680904
0.027864208
0.023859723
0.023817305
0.02363833
0.023434909
0.022783196
0.022460401
0.021389915
0.021381171
0.021155259
0.020678753
0.020628413
0.020586932
0.019952293
0.019931987
0.019833323
0.019745829
0.019736193
0.019646848
0.019564867
0.019430866
0.019416643
0.019315692
0.019247916
0.019220725
0.019210113
0.019144027
0.019094212
0.0190345
0.01901574
0.018880162
0.018879253
0.01877685
0.018556735
0.018508734
0.01850278
0.018477047
0.018442487
0.018218556
0.018208109
0.018174738
0.01815434
0.018104723
0.01802213
0.018000811
0.017815148
0.017795997
0.017791443
0.017788759
