0.022960199
0.022836778
0.022522787
0.022434074
0.02202484
0.021914108
0.02178694
0.021180686
0.021168469
0.021066941
0.020775758
0.02077259
0.020411978
0.020391883
0.020366436
0.020321833
0.0202617
0.020187782
0.0201176
0.020006413
0.01994824
0.01969752
0.019671226
0.019585924
0.019574191
0.0195092
0.0194915
0.019446647
0.019438196
0.019423418
0.01935226
0.01933333
0.019266145
0.019210683
0.01919158
0.019110335
0.019098785
0.0190834
0.019078055
0.01906859
0.019031977
0.019026456
0.018960323
0.018935936
0.018879384
0.018857457
0.018853072
0.0188283
0.018817369
0.018720651
