0.029038826
0.027924027
0.027658269
0.026346887
0.02622321
0.02569243
0.023078032
0.022306109
0.022213025
0.022197034
0.021707373
0.021468073
0.0213697
0.020650562
0.02060993
0.020564891
0.020455666
0.020008136
0.019832924
0.019686062
0.019635336
0.01939053
0.019192023
0.018910795
0.018863533
0.018804116
0.018738946
0.018550871
0.018502237
0.018436508
0.018300556
0.018266572
0.018165883
0.017966818
0.017892634
0.017827226
0.017823704
0.017699605
0.017672446
0.017642042
0.017415436
0.017413504
0.017379947
0.017340032
0.017286709
0.017235437
0.017187038
0.017153729
0.01715018
0.01712453
