0.02333072
0.022358943
0.022239933
0.021824198
0.021809746
0.021437041
0.021415176
0.021284213
0.021267025
0.021238733
0.020904876
0.020762132
0.02073432
0.02039427
0.020269997
0.020220468
0.020129755
0.019971138
0.019960202
0.019927656
0.019911516
0.019844217
0.019705113
0.01961814
0.019550152
0.019531265
0.019519515
0.019510712
0.019506013
0.019496016
0.019448256
0.019361107
0.019289814
0.01923168
0.019208873
0.019156003
0.019148938
0.019141348
0.01911296
0.019107211
0.019091463
0.019087054
0.019034091
0.019015297
0.019009182
0.019006489
0.018991858
0.018986452
0.018954765
0.018944018
