0.030606275
0.026412051
0.02615886
0.02527004
0.02447595
0.023288028
0.023046115
0.02246223
0.022368575
0.022290386
0.021685882
0.02095454
0.020676224
0.020674309
0.020516222
0.020274261
0.020248886
0.020220706
0.01987812
0.019861592
0.01984338
0.019822469
0.019502748
0.019351223
0.019323228
0.018985463
0.018874114
0.018800216
0.018771242
0.018641403
0.01855324
0.018302754
0.018293167
0.018239621
0.018167187
0.018062495
0.018013593
0.017942352
0.017827626
0.01775664
0.017719323
0.01763466
0.017624404
0.017595135
0.017554134
0.017553018
0.017515708
0.017488657
0.017484631
0.017386893
