0.033196665
0.02654167
0.025887646
0.024774745
0.023335699
0.023241645
0.021456443
0.020771446
0.020706983
0.020511318
0.020496968
0.020417813
0.020309255
0.020257533
0.020206288
0.020061353
0.020021949
0.02001902
0.020012923
0.019809725
0.019777065
0.019718265
0.019659596
0.019495439
0.019333625
0.019242575
0.018983377
0.018723514
0.018717702
0.018688653
0.018677894
0.018608114
0.0186067
0.018500121
0.018489981
0.01841329
0.018390749
0.0183782
0.01830647
0.018288622
0.018250128
0.018157203
0.018157097
0.01814512
0.018091565
0.018064564
0.018055929
0.018052168
0.018006213
0.017982963
