0.025789779
0.025084438
0.024648286
0.024438286
0.023660336
0.023302611
0.023220645
0.022738729
0.022548579
0.022153523
0.02166126
0.020885447
0.020619262
0.02024088
0.020117972
0.019982954
0.019844083
0.019693116
0.019578401
0.019549917
0.019518483
0.019501466
0.019490827
0.019293575
0.019291487
0.019231698
0.019205602
0.019051453
0.019009262
0.018946832
0.018884225
0.018856024
0.018790865
0.018744752
0.018596604
0.018579481
0.018512359
0.01849064
0.01848349
0.018435806
0.01839429
0.018304763
0.018252648
0.018242106
0.018201616
0.018179242
0.018013684
0.017952638
0.017909195
0.017876396
