0.0251959
0.024865583
0.024402857
0.022513317
0.022183636
0.02191166
0.021709356
0.021575555
0.021534236
0.021439638
0.021100959
0.021072913
0.021043109
0.020910127
0.020749774
0.020741101
0.02056006
0.020436639
0.019893385
0.019877352
0.019769609
0.01976099
0.01973665
0.019628383
0.019601224
0.019507864
0.019413687
0.019262657
0.019147186
0.019144446
0.01912107
0.019099277
0.019015655
0.018992415
0.018977212
0.01879633
0.018731982
0.018720564
0.018626254
0.018504912
0.01845618
0.018386485
0.01837139
0.018327812
0.018315837
0.018272849
0.018229717
0.018202582
0.018091416
0.018070223
