0.029181717
0.027584558
0.026962668
0.026108803
0.025070023
0.024344187
0.022567349
0.022343608
0.0216561
0.021584116
0.021199707
0.021178987
0.020953491
0.020884132
0.020870864
0.020764545
0.020464398
0.020240383
0.020207437
0.020192275
0.020008381
0.019910146
0.019604757
0.019423462
0.019194122
0.018755157
0.018746246
0.018636856
0.018602744
0.018499326
0.018352488
0.018112026
0.018093923
0.0180571
0.01796035
0.01795495
0.017941112
0.01792174
0.017904872
0.017806588
0.017685743
0.017600112
0.017503964
0.017463597
0.017457517
0.017456489
0.017455198
0.017256072
0.017148783
0.017126815
