0.024600301
0.023403458
0.023202257
0.022193704
0.022154963
0.021448486
0.021439906
0.021392213
0.021338165
0.020820621
0.020741506
0.020479657
0.02032871
0.020308375
0.020241726
0.020135496
0.020097164
0.02002348
0.019924898
0.019904058
0.019863918
0.019812519
0.019706286
0.019702582
0.01969246
0.019550705
0.019539392
0.01950626
0.019503439
0.019478276
0.019417979
0.019375756
0.019347347
0.019206908
0.019136557
0.0191219
0.01912025
0.019109922
0.018992417
0.01899033
0.01896604
0.01894304
0.018921508
0.018830571
0.018769009
0.018751806
0.01874342
0.018632444
0.018606197
0.0184816
