0.026882542
0.02596286
0.025351968
0.024889672
0.022573357
0.022525761
0.022359407
0.021912128
0.021822745
0.021701796
0.021079263
0.02105723
0.02105378
0.0208237
0.02054022
0.02042356
0.020272605
0.020200012
0.020126475
0.019988604
0.019851537
0.019681843
0.019561825
0.019460538
0.01944111
0.019366473
0.019214686
0.019169657
0.019092528
0.019020187
0.018917277
0.018773682
0.0187361
0.018676072
0.018657953
0.018656055
0.018423876
0.018363023
0.01825677
0.01823696
0.01823437
0.018210758
0.01815347
0.018029993
0.017981475
0.017852576
0.01768289
0.017628023
0.017589573
0.017530981
