0.022084152
0.021840282
0.02147781
0.021259865
0.021252062
0.020969633
0.02069104
0.020514416
0.02050027
0.020492723
0.02046415
0.020291932
0.020171884
0.02017133
0.020141363
0.020092193
0.020092173
0.020085186
0.020071778
0.020068418
0.020043416
0.019974643
0.01991476
0.019783128
0.019773884
0.019752989
0.019731719
0.019728642
0.019717213
0.019701777
0.019683687
0.019682081
0.019611258
0.01960953
0.019596733
0.0195792
0.01954449
0.019543923
0.019536939
0.01947742
0.019475216
0.019471636
0.019400192
0.01934491
0.01933711
0.01930629
0.019275263
0.019243816
0.019216074
0.019209372
