0.03184039
0.02812635
0.02759487
0.025920322
0.0248132
0.02407836
0.0238316
0.021951858
0.02107952
0.0208122
0.02078712
0.020771028
0.020728843
0.020702783
0.020399027
0.019942626
0.01988136
0.01971171
0.019659568
0.019465068
0.019214261
0.019040752
0.019029329
0.018994406
0.018922217
0.018854914
0.01884433
0.018728526
0.018615497
0.018599292
0.018534038
0.018420089
0.018380433
0.018222919
0.018214084
0.018057268
0.018013405
0.018010987
0.01800342
0.017958237
0.017954327
0.017918926
0.017803285
0.017781125
0.017779205
0.017668853
0.017645545
0.017593684
0.017586855
0.01751194
