0.0
0.16666666666666666
0.16666666666666666
0.16666666666666666
0.3333333333333333
0.16666666666666666
0.16666666666666666
0.16666666666666666
0.16666666666666666
0.3333333333333333
2.6666666666666665
1.0
0.3333333333333333
0.3333333333333333
0.16666666666666666
0.16666666666666666
0.5
0.16666666666666666
0.3333333333333333
2.0
0.16666666666666666
0.3333333333333333
0.16666666666666666
0.3333333333333333
0.3333333333333333
0.16666666666666666
0.16666666666666666
2.5
0.16666666666666666
2.3333333333333335
2.3333333333333335
0.16666666666666666
0.16666666666666666
0.16666666666666666
0.5
2.1666666666666665
0.8333333333333334
0.16666666666666666
0.3333333333333333
2.0
0.8333333333333334
0.3333333333333333
0.3333333333333333
0.16666666666666666
0.3333333333333333
0.16666666666666666
1.6666666666666667
0.8333333333333334
0.3333333333333333
2.0
