0.031337246
0.028819516
0.02743005
0.02600303
0.02489176
0.024360396
0.0243162
0.024040835
0.022446789
0.022178533
0.022109177
0.021567656
0.02143286
0.021139963
0.02113863
0.020898739
0.02057188
0.020517478
0.02047744
0.020193307
0.019804277
0.01908971
0.01895209
0.018848876
0.018628674
0.018524313
0.018523386
0.018460559
0.018374672
0.018133422
0.018074324
0.018026749
0.017791191
0.017667154
0.017662358
0.017653558
0.017636815
0.017614894
0.01751495
0.017489292
0.017364437
0.017194638
0.01717025
0.016978092
0.016956637
0.016926862
0.01689898
0.016832724
0.016813554
0.016521065
