0.02460114
0.024199763
0.023633374
0.023495868
0.023466367
0.022984581
0.022166615
0.021780845
0.021733873
0.021634411
0.021284027
0.020523194
0.020514166
0.020464113
0.0204326
0.020346994
0.020276671
0.020263257
0.020224122
0.020035883
0.020029422
0.019817902
0.019774735
0.019701557
0.019478511
0.019463768
0.019433329
0.019183943
0.019182581
0.019101856
0.01890252
0.018885829
0.018866153
0.018851668
0.018842025
0.018838204
0.018741501
0.018704208
0.018639926
0.01862531
0.01854621
0.018539188
0.018519431
0.018354481
0.018312484
0.018311348
0.018220115
0.018063277
0.01801101
0.017995598
