0.03289987
0.027905088
0.027234893
0.022864198
0.02232924
0.022328855
0.021773437
0.021713799
0.02104929
0.02076015
0.02049708
0.020460261
0.020257864
0.020193007
0.020189082
0.019872596
0.019842438
0.019586211
0.019536693
0.019367343
0.019303348
0.01921513
0.019166283
0.019121192
0.018888043
0.018859232
0.018795813
0.018713398
0.018701512
0.018678753
0.018677702
0.018650992
0.018633595
0.018631335
0.018605027
0.018592631
0.018560125
0.018549902
0.018528206
0.018514095
0.018510375
0.01850129
0.01846812
0.018441929
0.018382113
0.018350368
0.018347926
0.018344704
0.018303266
0.018302228
