0.026337648
0.023378154
0.023145406
0.022599638
0.022567537
0.022464186
0.022434456
0.022261828
0.021923635
0.020952106
0.020609299
0.020481057
0.02045671
0.020396203
0.020288441
0.02022099
0.019905906
0.019892624
0.019874152
0.019827118
0.01977264
0.019682122
0.019624773
0.01962188
0.01961605
0.01954189
0.019506726
0.019482179
0.0193395
0.019323083
0.019109985
0.019094216
0.019043574
0.018997952
0.018955061
0.01895274
0.018922387
0.018881446
0.018862946
0.018841697
0.018826878
0.01879079
0.018581245
0.01854301
0.018498633
0.01842942
0.018391702
0.018353585
0.018207662
0.018187145
