0.023760106
0.022762561
0.022309672
0.02181693
0.021599391
0.021593813
0.021252638
0.021200977
0.02114859
0.021033663
0.020856813
0.020617472
0.02057034
0.0205407
0.020208003
0.02014334
0.020129927
0.020099087
0.019971294
0.0199343
0.01990662
0.019858202
0.019836187
0.01972852
0.019637328
0.019590577
0.019527914
0.019523088
0.019520706
0.019519744
0.019365588
0.019309295
0.019298285
0.019296186
0.019246744
0.01922358
0.019178053
0.019157123
0.019146252
0.01913084
0.019055359
0.018999353
0.018995212
0.018990954
0.018958861
0.018952174
0.018934177
0.018888803
0.01888563
0.018789047
