0.0218449
0.021031898
0.020911306
0.020893356
0.02087217
0.020789675
0.020641834
0.020472238
0.020440139
0.020434793
0.020431917
0.020341204
0.020298753
0.0202552
0.020236298
0.020230528
0.020226473
0.020155799
0.020143442
0.020123178
0.020100072
0.020035787
0.019936979
0.019900123
0.01988008
0.019879939
0.01986428
0.01979788
0.019783346
0.019765375
0.019713331
0.019688092
0.019670654
0.019660454
0.019647855
0.019631108
0.019624295
0.019619849
0.019617798
0.019591507
0.01957889
0.019536277
0.019455334
0.019426921
0.01937704
0.019340955
0.019307563
0.019285684
0.019254968
0.019252429
