0.03605416
0.035427615
0.031332396
0.027194858
0.02709556
0.024588235
0.024227535
0.023107732
0.022823995
0.022634402
0.02218415
0.021786833
0.021676935
0.02163308
0.021389311
0.020794587
0.019567315
0.01953023
0.01877869
0.018667316
0.018609505
0.018564405
0.018257262
0.018205438
0.018203303
0.01819407
0.018188706
0.018061351
0.017901866
0.017766397
0.017464789
0.01737699
0.017296743
0.0172617
0.017253408
0.01722619
0.017145446
0.017065903
0.01703474
0.01698924
0.016903898
0.016854184
0.016746188
0.016661705
0.016649399
0.016507663
0.016464643
0.016282694
0.016255006
0.016112266
