3.5555555555555554
3.4444444444444446
3.3333333333333335
3.2222222222222223
3.111111111111111
3.0
1.7777777777777777
3.5555555555555554
3.5555555555555554
3.5555555555555554
2.888888888888889
3.5555555555555554
3.5555555555555554
3.5555555555555554
3.5555555555555554
3.5555555555555554
3.5555555555555554
3.5555555555555554
3.5555555555555554
3.5555555555555554
3.5555555555555554
3.5555555555555554
3.5555555555555554
3.5555555555555554
3.5555555555555554
3.5555555555555554
3.5555555555555554
3.5555555555555554
3.5555555555555554
3.5555555555555554
3.5555555555555554
3.5555555555555554
3.5555555555555554
2.0
2.7777777777777777
3.5555555555555554
3.5555555555555554
3.5555555555555554
3.5555555555555554
3.5555555555555554
3.5555555555555554
3.5555555555555554
3.5555555555555554
3.5555555555555554
3.5555555555555554
3.5555555555555554
3.5555555555555554
3.5555555555555554
3.5555555555555554
3.5555555555555554
