0.036099005
0.030234832
0.028843602
0.026739959
0.02558538
0.023599181
0.023355708
0.022826519
0.022557335
0.022524316
0.022472885
0.022387493
0.021845246
0.02128674
0.02032156
0.020080017
0.019613732
0.01925849
0.019219888
0.019179963
0.019072462
0.019034782
0.01886798
0.018648354
0.018599518
0.018461898
0.018427212
0.018406242
0.018349731
0.018088683
0.01796601
0.017852701
0.017717699
0.017713053
0.017702214
0.017574139
0.017566545
0.017565534
0.017440591
0.017309045
0.017272027
0.017161364
0.017156431
0.017139295
0.017137278
0.016967148
0.01682304
0.016708786
0.016704882
0.01653352
