0.030180184
0.026418727
0.025971487
0.023456132
0.023171077
0.022874448
0.022791363
0.022543836
0.022445368
0.022333534
0.021804556
0.02112717
0.020953588
0.020837694
0.020296762
0.020175487
0.020118378
0.020102402
0.020052733
0.019876018
0.019754196
0.019623375
0.019479506
0.019453885
0.019081458
0.019004507
0.018977968
0.018974908
0.018953357
0.018908398
0.018536313
0.018418431
0.01837643
0.018364944
0.018338365
0.018124951
0.018035365
0.018020675
0.017962128
0.017957292
0.017932083
0.017930383
0.017903492
0.017830044
0.01782968
0.01781678
0.017772647
0.017762998
0.01767739
0.017667124
