0.021816015
0.021651167
0.021536823
0.021480223
0.021281103
0.021209624
0.021182694
0.021088628
0.021070017
0.020931527
0.020690845
0.020651478
0.020587346
0.020464342
0.020321991
0.020272922
0.020249873
0.02022082
0.020144822
0.02013197
0.0200768
0.0198169
0.019794308
0.019754639
0.019754365
0.019671774
0.019665139
0.019603118
0.019515201
0.01951383
0.019482158
0.019468712
0.019455675
0.01944601
0.019409528
0.019388271
0.019364508
0.019355467
0.019343458
0.01928704
0.019286878
0.019269181
0.019267835
0.019236097
0.019213421
0.019129343
0.019126331
0.019119566
0.019110968
0.019089302
