0.03766111
0.035325654
0.02867053
0.028648835
0.026695004
0.025795631
0.025063347
0.024376964
0.022625674
0.021737508
0.021727633
0.02169022
0.021103341
0.020594876
0.020522185
0.020321988
0.020321729
0.020268286
0.019302066
0.01907823
0.01887853
0.018651284
0.018460453
0.018135982
0.018093843
0.017937597
0.017927412
0.017836552
0.01764459
0.017581748
0.0175535
0.01753585
0.017500628
0.01743037
0.017274218
0.01715613
0.0170599
0.017032934
0.016948555
0.016834043
0.016730877
0.016724246
0.016686056
0.016554564
0.01649257
0.016463222
0.016457178
0.016351447
0.016284823
0.016250148
