0.022492172
0.02172525
0.021597546
0.021490756
0.021276118
0.020960785
0.02085116
0.020850103
0.02075376
0.020524161
0.020469055
0.020462181
0.020365521
0.020291219
0.020267878
0.020212913
0.02011134
0.0200347
0.0200031
0.019946361
0.019907702
0.019845443
0.019818263
0.019780412
0.019779317
0.019775644
0.019759389
0.019708546
0.019667717
0.019628817
0.019601742
0.019579541
0.019563956
0.019506183
0.019470122
0.019451752
0.019451138
0.019428758
0.019369282
0.019360274
0.019337086
0.019336816
0.019318584
0.01930284
0.01930077
0.019285794
0.019269709
0.019263899
0.01922398
0.019220395
