0.024462832
0.02292184
0.022860225
0.022322197
0.022171155
0.022037556
0.021448238
0.021427317
0.021329911
0.021292247
0.021282503
0.021236036
0.021065813
0.020928327
0.020897862
0.020740582
0.020560086
0.020512665
0.020449141
0.020328697
0.02018669
0.020109875
0.019994928
0.019905943
0.019883797
0.019730337
0.019727333
0.019696513
0.019695714
0.019457832
0.019389974
0.019278398
0.019144421
0.019094592
0.019029468
0.018896237
0.018856319
0.018836884
0.01882305
0.01875027
0.01848186
0.018296456
0.018238071
0.01817673
0.018139346
0.018138776
0.017974565
0.017951908
0.017938029
0.017900469
