0.024463622
0.023987679
0.023654964
0.023512322
0.023478286
0.022386009
0.022363588
0.021938663
0.021349888
0.021242302
0.021025235
0.0208844
0.020349063
0.020319838
0.020210743
0.02013168
0.020058712
0.019946247
0.019812284
0.019770164
0.019769372
0.019738209
0.019659163
0.01961748
0.019514732
0.019456012
0.019408472
0.019390572
0.019337762
0.019326953
0.019286321
0.019148033
0.019135
0.019009216
0.018913362
0.018743884
0.018739713
0.018702
0.018676462
0.018662145
0.018622637
0.018621994
0.01857017
0.01853471
0.018448943
0.01843147
0.01842483
0.018409293
0.018409127
0.018406184
