0.02388872
0.022898862
0.022444809
0.022174591
0.021994859
0.02189597
0.021893524
0.021747505
0.02110481
0.020998739
0.02068115
0.020429898
0.020340377
0.020324618
0.020183222
0.02015418
0.0200625
0.020005532
0.019934785
0.019902896
0.019837389
0.019772165
0.019657169
0.019634388
0.019605206
0.019555494
0.01954478
0.019525602
0.019434018
0.019362971
0.019327708
0.019323591
0.019322738
0.01929084
0.019258132
0.019236661
0.019235112
0.019210694
0.019210055
0.019108921
0.019086707
0.019082736
0.019045545
0.01901592
0.018966818
0.018827626
0.018790757
0.018569408
0.018550592
0.018548725
