0.021550419
0.021086516
0.020979332
0.020826511
0.020817311
0.020765727
0.020672088
0.020665098
0.02044393
0.020441897
0.020362692
0.020314367
0.020293823
0.02022045
0.020217758
0.020217314
0.020178426
0.0201491
0.020108128
0.020075183
0.020010741
0.019991687
0.01997645
0.019951932
0.019937456
0.019909304
0.019880932
0.019843709
0.019836962
0.019789351
0.01976981
0.01975842
0.019750262
0.019727476
0.019722514
0.019657673
0.019585282
0.019573756
0.01954821
0.01950942
0.019494584
0.019482795
0.019412592
0.019408058
0.019402694
0.019396085
0.019351626
0.019321797
0.01931254
0.019299772
