0.02686182
0.026588554
0.026056888
0.02239927
0.022290187
0.022224268
0.021789394
0.021617781
0.020908944
0.020675637
0.02059607
0.020454861
0.020440264
0.02026256
0.020173311
0.020149091
0.020060843
0.019848399
0.019808952
0.019801958
0.019776644
0.019701771
0.019697787
0.01954697
0.019450275
0.019373367
0.019261386
0.01917786
0.01913598
0.019085458
0.019065252
0.01900488
0.018988468
0.01895086
0.01894341
0.018907038
0.0189026
0.018711772
0.01865837
0.018593406
0.018529631
0.018524198
0.018482732
0.018446933
0.018405095
0.018359067
0.018352957
0.018350532
0.018326184
0.018279938
