0.032236375
0.030009113
0.029085943
0.02784042
0.02717764
0.02399603
0.022379281
0.022357902
0.022174718
0.022159798
0.02209127
0.021838447
0.02149689
0.020839928
0.020244835
0.019312672
0.019063711
0.019015078
0.018970013
0.0188669
0.018822636
0.018762993
0.018648274
0.01863783
0.01854013
0.018325405
0.018301403
0.018251063
0.018191911
0.018167619
0.018121133
0.018063154
0.018046573
0.017982844
0.017860493
0.017854676
0.01783095
0.017790208
0.0177697
0.017766196
0.01773046
0.017705997
0.01764416
0.017556563
0.017536584
0.017419456
0.017411087
0.017408734
0.017387385
0.017307464
