0.027722912
0.02565495
0.025571402
0.02247548
0.022354495
0.022288635
0.02085256
0.02081586
0.020616483
0.020389576
0.02038402
0.020322748
0.020271903
0.020182837
0.020167712
0.020119134
0.020041436
0.019977648
0.019908568
0.019858725
0.019735795
0.019569445
0.019489657
0.019479966
0.019417249
0.019322889
0.019315684
0.019294674
0.019263322
0.019200029
0.019170996
0.019137112
0.019116033
0.019069877
0.019029448
0.018970098
0.018940484
0.018929888
0.018815225
0.01880247
0.018797044
0.018793462
0.018759519
0.018743249
0.018618857
0.018546138
0.01850621
0.01842798
0.018401442
0.018358786
