0.025698628
0.023451405
0.02212536
0.021930464
0.021762608
0.021580422
0.021279946
0.021167621
0.021149972
0.021028385
0.02087255
0.020804258
0.020756979
0.02066626
0.020548958
0.020417
0.020263549
0.020167718
0.02005846
0.020030191
0.01990157
0.019863563
0.01979657
0.019756895
0.01971465
0.019510224
0.019499216
0.01948252
0.019430336
0.019387566
0.019361338
0.019302843
0.019284733
0.019218972
0.019138854
0.019029556
0.018992543
0.018987676
0.018965336
0.018954435
0.018929558
0.018873101
0.01876757
0.018695181
0.018667152
0.018664293
0.018626597
0.018548274
0.018485434
0.018402709
