0.026238108
0.024243707
0.023663588
0.0230702
0.02289877
0.022851655
0.022359358
0.022328919
0.02193827
0.021567998
0.02151727
0.021375908
0.021156346
0.02110254
0.020594971
0.020367982
0.020318532
0.019997675
0.019815594
0.019811124
0.019716118
0.019681394
0.019595101
0.019383488
0.019371042
0.019369388
0.019338578
0.019237982
0.01923327
0.019109597
0.019066123
0.019040842
0.018896015
0.018857667
0.018850092
0.018660175
0.018578732
0.018514236
0.018505113
0.018345296
0.018329728
0.018310858
0.01829197
0.018275077
0.018262051
0.018180858
0.018101364
0.018063689
0.017837696
0.01777791
