0.028217657
0.027276618
0.025187312
0.024637586
0.02359037
0.022523396
0.021296814
0.021192865
0.020381382
0.020358112
0.020321136
0.020240137
0.020085365
0.020076558
0.019859336
0.019826211
0.019711997
0.019652417
0.019578407
0.019577894
0.019471155
0.0194184
0.01934272
0.019303538
0.019240702
0.019196209
0.019166797
0.019164978
0.019152505
0.019025007
0.019015413
0.01899232
0.018978333
0.018966291
0.018958896
0.018941324
0.018838504
0.018799271
0.01876442
0.01873546
0.018720344
0.018663935
0.018621268
0.018494494
0.018489622
0.018457532
0.018448824
0.01840688
0.01833179
0.018301487
