0.02326144
0.022974953
0.022521965
0.022130823
0.021412902
0.021258116
0.021165563
0.021099722
0.020976344
0.020685034
0.020657368
0.020588918
0.020562163
0.020509567
0.02049361
0.02030037
0.020286303
0.020263126
0.020202214
0.020179648
0.0201775
0.020159272
0.020136269
0.02002725
0.020005226
0.019991811
0.019918518
0.019811107
0.019794062
0.019650275
0.019625494
0.01962235
0.019517172
0.019472593
0.019379534
0.019372677
0.019228388
0.019176127
0.019167675
0.019166978
0.019134158
0.019085007
0.019046808
0.018893844
0.018838229
0.018440645
0.018440206
0.018390046
0.017405625
0.017395044
