0.031938855
0.023439024
0.023423927
0.02254377
0.0218754
0.021687413
0.02164111
0.021501763
0.021422636
0.021063985
0.020821027
0.020751413
0.020534728
0.020365808
0.020154249
0.02012184
0.020009743
0.019987475
0.019840194
0.019817173
0.019556673
0.019467818
0.019410657
0.019175878
0.019163681
0.019134877
0.01900529
0.018893743
0.018878335
0.01885953
0.018853752
0.018851707
0.01884173
0.01882915
0.018820718
0.018818974
0.018814018
0.018811269
0.018797724
0.018789658
0.018767575
0.01875865
0.018757798
0.01874923
0.01874342
0.018733531
0.018698957
0.01869678
0.018696718
0.018680632
