0.027723443
0.025519753
0.02272198
0.022557557
0.02255201
0.021258248
0.021206038
0.021137092
0.020836676
0.020747207
0.02072896
0.02072001
0.020618971
0.02047984
0.020425668
0.020404562
0.020194396
0.019975126
0.019973937
0.019778805
0.019678878
0.019663043
0.019524453
0.019388875
0.019375062
0.019351404
0.019337123
0.019318402
0.01931802
0.019242957
0.019235747
0.019161861
0.01905137
0.019041078
0.01901568
0.018983204
0.018858397
0.01885758
0.018793145
0.018762989
0.018747918
0.018741524
0.018694377
0.01868254
0.018671744
0.018650474
0.01862704
0.018564891
0.0185621
0.018537864
