0.036768883
0.035258047
0.029975494
0.028342271
0.027452212
0.026633231
0.024317043
0.023858767
0.022365602
0.021798095
0.021676157
0.020851867
0.020845104
0.020135384
0.020018125
0.019858293
0.019608736
0.019083293
0.018788217
0.018783074
0.018241407
0.018221904
0.018217491
0.018195128
0.01805751
0.017962057
0.017901149
0.017886285
0.017855844
0.017752362
0.017712072
0.017579852
0.017506696
0.017444262
0.017430328
0.017429208
0.01732102
0.017233258
0.01722966
0.01718277
0.017177338
0.017123692
0.017039362
0.01703919
0.016935723
0.016898058
0.016819332
0.016796252
0.01672268
0.0166702
