0.02288766
0.022837983
0.021536345
0.021401538
0.021306494
0.020961666
0.020912046
0.020666953
0.020612871
0.0205887
0.020522099
0.020469092
0.020437894
0.020364998
0.020361342
0.020246629
0.020217847
0.0201144
0.02009592
0.020032711
0.020010773
0.019990772
0.019987382
0.019930346
0.01981815
0.019799875
0.01976583
0.019753492
0.019689873
0.019604972
0.019551016
0.019479334
0.019472508
0.019466864
0.019391898
0.019383274
0.019321723
0.019314047
0.019305337
0.019257488
0.019218626
0.019212749
0.01921166
0.01916211
0.01911638
0.019077348
0.01906349
0.01905326
0.019026812
0.018987373
