0.030288398
0.02681553
0.025035808
0.024842722
0.023314971
0.023105701
0.023096098
0.022646511
0.022501811
0.022004409
0.021114394
0.020623667
0.020367464
0.020286106
0.020127334
0.020110762
0.02007432
0.0199633
0.019883525
0.019844966
0.019606898
0.019588387
0.0193821
0.019352917
0.019184038
0.019103937
0.019091992
0.019054566
0.019032806
0.018777983
0.01877316
0.018522408
0.018494632
0.018421656
0.018363612
0.01828879
0.018263256
0.018171808
0.018153202
0.018141286
0.018131234
0.018126605
0.017899252
0.017862482
0.017855763
0.017801506
0.017689323
0.017683582
0.017577449
0.017555559
