0.025418252
0.024836225
0.02461366
0.021869132
0.021689514
0.02165664
0.021535398
0.02111641
0.021023983
0.021002658
0.020990666
0.020938132
0.02080749
0.020720964
0.020663155
0.020608177
0.020146074
0.020143218
0.020061065
0.01994343
0.019925177
0.019882986
0.019868925
0.01983064
0.019731944
0.01949007
0.019332143
0.019298976
0.019255469
0.019234398
0.019117199
0.01908822
0.019064464
0.019058522
0.019046923
0.01900499
0.018911624
0.018751577
0.018736038
0.01871548
0.018697275
0.018625265
0.018591156
0.018535888
0.018482512
0.018473437
0.018432986
0.018388737
0.01832523
0.018317468
