0.03286865
0.025397316
0.024847366
0.023769246
0.023619508
0.022879284
0.022363327
0.022252526
0.022098996
0.021910232
0.021624662
0.021553498
0.020609938
0.020451073
0.020326251
0.0202208
0.019940482
0.019803656
0.019693468
0.019601494
0.019597478
0.019472556
0.01946171
0.01928562
0.01922802
0.019090014
0.019079672
0.018967187
0.018934341
0.018908316
0.018832898
0.018606199
0.018598378
0.01842187
0.01839747
0.018373469
0.018314434
0.018246664
0.018233763
0.01818962
0.018070675
0.01806652
0.018006403
0.017942566
0.017816957
0.017753039
0.017714761
0.017559614
0.017548436
0.017449629
