0.0
0.16666666666666666
0.16666666666666666
0.3333333333333333
3.5
3.0
0.16666666666666666
0.16666666666666666
0.16666666666666666
0.16666666666666666
0.16666666666666666
0.3333333333333333
0.3333333333333333
0.3333333333333333
3.3333333333333335
0.16666666666666666
2.0
1.0
3.1666666666666665
3.0
3.0
3.0
0.16666666666666666
0.3333333333333333
3.0
0.16666666666666666
2.8333333333333335
3.0
0.16666666666666666
0.3333333333333333
0.16666666666666666
3.0
1.0
0.3333333333333333
0.3333333333333333
0.6666666666666666
2.6666666666666665
2.3333333333333335
3.1666666666666665
3.0
3.0
3.0
3.0
3.0
3.0
3.0
0.16666666666666666
3.1666666666666665
1.0
3.0
