0.025600625
0.02383714
0.023325682
0.023117153
0.023037763
0.022286193
0.022274312
0.022160543
0.022046093
0.021487452
0.02100425
0.020961268
0.020745542
0.02070253
0.020387238
0.020339591
0.020180209
0.020029305
0.019971462
0.019860005
0.01977994
0.019652525
0.019620925
0.019462997
0.019363154
0.019328633
0.019305382
0.019293644
0.019234153
0.01921489
0.019180031
0.019118436
0.019103287
0.019096332
0.019046593
0.018829934
0.018805249
0.018792812
0.0187393
0.018551895
0.01849694
0.01846597
0.018348577
0.018333986
0.018303473
0.018292496
0.018244078
0.018243222
0.018238923
0.018157873
