0.02282735
0.022467941
0.022198312
0.022178968
0.02187226
0.021812899
0.02147439
0.021446534
0.021332536
0.021205707
0.02112508
0.021024592
0.020913646
0.02089613
0.020817693
0.020422164
0.020329395
0.020262955
0.020192629
0.019938402
0.019890487
0.01982768
0.019768348
0.019714413
0.019599114
0.019579614
0.019447891
0.019429514
0.019330919
0.019328378
0.019300891
0.019264728
0.019234806
0.019213935
0.019199198
0.019167522
0.01916058
0.01907128
0.019033287
0.01900489
0.018995915
0.018970583
0.018795753
0.018795526
0.018785058
0.018742647
0.018669998
0.018661404
0.018648088
0.018627927
