0.029323323
0.02482599
0.024405092
0.024124263
0.024053339
0.023802245
0.022344172
0.021618592
0.02118285
0.020943929
0.020802554
0.020648092
0.020443067
0.020431295
0.020328796
0.020126535
0.020109305
0.0200851
0.020062324
0.01991224
0.019745057
0.019666191
0.019396447
0.019306377
0.01929825
0.019246118
0.019184023
0.019147214
0.019071406
0.01906584
0.018866912
0.018807808
0.018695876
0.018654339
0.018636547
0.018553698
0.018474516
0.018447638
0.01835943
0.01835357
0.01833802
0.018336203
0.018292371
0.018214121
0.018191036
0.0180825
0.018052956
0.018030103
0.01796091
0.017951323
