0.029151281
0.02635763
0.025535678
0.024485104
0.023562329
0.022765657
0.02203789
0.02200039
0.02197726
0.021903533
0.020780722
0.020644147
0.020520827
0.019949341
0.019875541
0.019848177
0.019802773
0.019752335
0.01973509
0.019653106
0.01953632
0.019531135
0.019512776
0.019434592
0.019262196
0.019224627
0.01915831
0.019078376
0.01904351
0.019028619
0.018934779
0.018924812
0.01887987
0.018828928
0.018718487
0.01870693
0.018679278
0.018677821
0.018494356
0.018348845
0.0183409
0.018141778
0.018083304
0.018005004
0.018002208
0.017889347
0.017835623
0.01779944
0.017785316
0.017773777
