0.031166438
0.02759929
0.025475753
0.023458902
0.023371551
0.023008922
0.022400616
0.022337018
0.022118097
0.021801056
0.021356527
0.021311313
0.02115017
0.021072136
0.020986741
0.020401603
0.020144178
0.019949174
0.019655472
0.019554175
0.019399425
0.019298641
0.019219896
0.019174559
0.019032078
0.018756332
0.01871794
0.018696731
0.018681156
0.018602917
0.018589368
0.018547526
0.018532328
0.018527333
0.018479472
0.018464012
0.018455679
0.018331701
0.01829865
0.018203398
0.01809273
0.01795195
0.017820608
0.01778918
0.01775387
0.01773798
0.017730253
0.017673835
0.017601058
0.017520314
