0.026575252
0.02588112
0.022821529
0.022327404
0.022161352
0.021976406
0.021943998
0.021674111
0.02149003
0.020757059
0.020739859
0.020673154
0.02064806
0.020612042
0.020564314
0.020291757
0.020023974
0.01994803
0.019890953
0.019868484
0.019854326
0.019765485
0.019664777
0.019522475
0.019487696
0.01941509
0.01935202
0.019172082
0.019155147
0.019131504
0.01910018
0.018965103
0.01893393
0.018900499
0.01887372
0.018804688
0.018790502
0.018742269
0.018729785
0.018728575
0.018703919
0.018687962
0.018657017
0.018647706
0.018641755
0.0186318
0.018627442
0.018536143
0.01848443
0.018423017
