0.0
0.1111111111111111
0.1111111111111111
0.1111111111111111
0.1111111111111111
0.1111111111111111
0.1111111111111111
0.1111111111111111
1.0
2.0
0.3333333333333333
0.2222222222222222
0.4444444444444444
2.0
0.3333333333333333
0.2222222222222222
0.4444444444444444
1.1111111111111112
2.111111111111111
0.4444444444444444
0.4444444444444444
2.0
2.0
0.4444444444444444
0.4444444444444444
1.7777777777777777
2.0
1.8888888888888888
2.0
2.0
0.3333333333333333
2.0
0.2222222222222222
2.0
0.2222222222222222
0.1111111111111111
1.0
2.0
2.0
2.111111111111111
2.0
0.4444444444444444
0.4444444444444444
2.0
1.0
0.4444444444444444
0.5555555555555556
2.111111111111111
0.1111111111111111
2.0
