0.027504893
0.025357137
0.023478571
0.022808874
0.022384476
0.02219198
0.022153402
0.022019917
0.021916626
0.021379156
0.021073924
0.02037859
0.020320872
0.020122707
0.019996066
0.019994112
0.01997204
0.019907452
0.019831268
0.019710008
0.019553669
0.019367727
0.019264866
0.019252533
0.019239986
0.019145686
0.019105075
0.0191026
0.019069577
0.01900577
0.018962441
0.018955503
0.018954094
0.018935379
0.018928949
0.0188717
0.018870879
0.018851142
0.018805915
0.018797403
0.018776333
0.01870756
0.018687122
0.01868139
0.018662203
0.018641314
0.018636322
0.018580232
0.01855202
0.018532667
