0.033304356
0.029451538
0.028737146
0.025401508
0.024050273
0.024027811
0.022960048
0.022593616
0.021032747
0.02101641
0.020917429
0.020550977
0.020229852
0.020177886
0.019874768
0.019712124
0.019553136
0.019360036
0.01932808
0.019147906
0.019128827
0.01890858
0.018840179
0.018829528
0.018791605
0.018786605
0.01874865
0.018694175
0.018532215
0.018436443
0.018417666
0.01840976
0.01838606
0.018324902
0.018289842
0.018240906
0.018212723
0.018210044
0.018047178
0.018043827
0.018039033
0.01803799
0.018035563
0.01796265
0.017911255
0.017846812
0.017772023
0.017608948
0.017549768
0.017528608
