1.9166666666666667
1.75
1.5833333333333333
1.9166666666666667
2.0
1.75
1.4166666666666667
1.9166666666666667
1.9166666666666667
1.9166666666666667
1.75
1.9166666666666667
1.25
1.9166666666666667
1.0
1.5833333333333333
1.8333333333333333
1.9166666666666667
1.6666666666666667
1.9166666666666667
1.5833333333333333
1.9166666666666667
1.9166666666666667
1.9166666666666667
1.5833333333333333
1.75
1.5833333333333333
1.9166666666666667
2.0
0.75
1.8333333333333333
0.75
1.5833333333333333
1.8333333333333333
1.8333333333333333
1.4166666666666667
1.8333333333333333
1.9166666666666667
1.0833333333333333
1.3333333333333333
1.6666666666666667
1.9166666666666667
1.9166666666666667
1.5833333333333333
1.9166666666666667
1.6666666666666667
1.75
1.9166666666666667
1.5833333333333333
1.3333333333333333
