0.028157532
0.027592553
0.026874911
0.026665043
0.02577521
0.025663361
0.02509397
0.024785552
0.022593785
0.022590216
0.02191187
0.021454565
0.021007547
0.020752108
0.020746669
0.019909758
0.019633513
0.019560551
0.019543562
0.019521687
0.019497871
0.019461414
0.019339914
0.018801529
0.018599367
0.018496579
0.018332727
0.018298768
0.018227974
0.018226994
0.018175043
0.01802891
0.018026846
0.017995654
0.017981961
0.01793622
0.01792938
0.017860454
0.01783922
0.017739853
0.017737122
0.01764527
0.017589465
0.017514618
0.017277509
0.017265948
0.017208327
0.017160082
0.017015222
0.016955806
