0.024163023
0.023890916
0.022448197
0.022357
0.022352394
0.021816827
0.021789305
0.021217616
0.020770013
0.02075754
0.020750022
0.020695312
0.020667106
0.020622665
0.02060494
0.020302845
0.02020997
0.019990994
0.019977404
0.019937092
0.019889073
0.01979194
0.019768303
0.019708136
0.019673798
0.019619675
0.019610446
0.01958323
0.01956574
0.019497281
0.019484725
0.019454537
0.019318335
0.019178178
0.019153068
0.019107835
0.019106813
0.019074416
0.01906466
0.018995363
0.018761966
0.018753964
0.018709898
0.018682567
0.018578865
0.018575935
0.018553063
0.018541407
0.018477608
0.018397933
