0.023167247
0.021870885
0.021825442
0.021611346
0.021227662
0.021055419
0.021051195
0.020872084
0.020783046
0.020593062
0.020592762
0.020562593
0.020440845
0.020397516
0.020281488
0.020224916
0.020209434
0.020130992
0.020130608
0.020129818
0.019922048
0.01986493
0.01967174
0.019670442
0.01966945
0.01965649
0.019646468
0.019633478
0.019628804
0.01954763
0.01954125
0.019501915
0.01949776
0.019480761
0.01943315
0.019432465
0.0193722
0.019362178
0.019282114
0.019243056
0.01924274
0.019240009
0.019236457
0.019211477
0.019184535
0.019163076
0.019143678
0.019141959
0.019119993
0.019099405
