1.2857142857142858
1.2857142857142858
1.2857142857142858
1.2857142857142858
1.4285714285714286
1.4285714285714286
1.2857142857142858
0.8571428571428571
1.2857142857142858
1.2857142857142858
1.4285714285714286
1.7142857142857142
1.1428571428571428
1.4285714285714286
1.1428571428571428
1.2857142857142858
1.1428571428571428
1.2857142857142858
1.4285714285714286
1.2857142857142858
1.5714285714285714
1.1428571428571428
1.7142857142857142
1.4285714285714286
1.5714285714285714
0.7142857142857143
1.5714285714285714
1.1428571428571428
1.5714285714285714
1.4285714285714286
1.1428571428571428
1.4285714285714286
1.4285714285714286
1.2857142857142858
1.7142857142857142
1.5714285714285714
1.4285714285714286
1.4285714285714286
1.2857142857142858
1.4285714285714286
1.1428571428571428
1.2857142857142858
1.1428571428571428
1.4285714285714286
1.7142857142857142
1.4285714285714286
1.5714285714285714
1.4285714285714286
1.2857142857142858
1.8571428571428572
