0.034338143
0.025940215
0.024998711
0.022774832
0.022369854
0.02234755
0.022084452
0.02189747
0.021436432
0.021367354
0.021126837
0.021123637
0.02072169
0.02042703
0.020313434
0.020268168
0.020168776
0.02009474
0.020035764
0.019971302
0.019740893
0.01960067
0.019531606
0.019352915
0.019323662
0.01890851
0.018867875
0.018807428
0.018803267
0.018765062
0.018679015
0.01864769
0.018646458
0.018596716
0.018590618
0.01852843
0.018498171
0.01839578
0.01835851
0.018251594
0.018222751
0.01820156
0.01811868
0.01806983
0.018067835
0.01797856
0.017797092
0.017741872
0.017561728
0.01753886
