0.75
1.5833333333333333
0.6666666666666666
1.5833333333333333
0.8333333333333334
1.3333333333333333
0.75
0.8333333333333334
1.1666666666666667
1.3333333333333333
1.5833333333333333
1.25
1.1666666666666667
1.5
1.5833333333333333
1.5
0.6666666666666666
1.1666666666666667
1.3333333333333333
1.5
1.25
1.4166666666666667
1.5833333333333333
0.9166666666666666
1.25
0.6666666666666666
0.6666666666666666
0.9166666666666666
0.75
1.5
1.5
0.6666666666666666
1.5
0.6666666666666666
1.5833333333333333
0.6666666666666666
1.25
1.1666666666666667
1.1666666666666667
1.5
0.6666666666666666
1.25
1.5
0.6666666666666666
1.5
0.5833333333333334
1.5
0.6666666666666666
1.0833333333333333
1.5833333333333333
