0.027837029
0.0230908
0.0219448
0.021708196
0.02167522
0.021407647
0.02125711
0.021057324
0.021045819
0.020990426
0.020948863
0.020826336
0.020817636
0.020303704
0.020182021
0.020149138
0.020109924
0.020100778
0.019927789
0.019903108
0.019829264
0.019788502
0.019676656
0.019647058
0.019505963
0.019500623
0.019497087
0.01940364
0.019376319
0.019300723
0.0192842
0.01928248
0.019239824
0.01921419
0.019130196
0.019120267
0.019029398
0.018959396
0.018952543
0.01891529
0.018904801
0.018868282
0.018855663
0.018854432
0.018836174
0.018806305
0.018770007
0.018741086
0.018739369
0.018686734
