0.025409186
0.024610186
0.0236099
0.023269678
0.022821954
0.022716038
0.022703571
0.022191659
0.021817628
0.02156406
0.021361766
0.021174902
0.021155022
0.021112528
0.020557268
0.020517962
0.020094194
0.019857967
0.019821785
0.019763721
0.019608527
0.019558355
0.019543424
0.019529782
0.019443424
0.019427862
0.019354047
0.019324532
0.0192871
0.01920563
0.019175492
0.019109214
0.019013245
0.018970795
0.018898824
0.018709429
0.018699264
0.0186889
0.018547282
0.018489445
0.018378561
0.01836942
0.018365944
0.018280022
0.018219093
0.018176513
0.018142125
0.017819524
0.017803738
0.017729597
