0.023474796
0.022251371
0.022090357
0.021945532
0.021880778
0.021022774
0.02098766
0.020654205
0.020519312
0.020403242
0.020340174
0.020178018
0.02011494
0.020094229
0.02009231
0.020025052
0.01999887
0.019995542
0.019910607
0.019879315
0.019863866
0.01975446
0.019739756
0.019709304
0.01970772
0.019703826
0.01966468
0.019650372
0.019614188
0.019592138
0.019552805
0.019523308
0.019501945
0.0194791
0.019418884
0.019382242
0.01938149
0.019346766
0.019342337
0.019317698
0.019312063
0.019309921
0.019305198
0.019304343
0.019302227
0.019298026
0.019288281
0.019273184
0.019264078
0.019236589
