0.0
0.16666666666666666
0.16666666666666666
4.166666666666667
0.16666666666666666
4.0
0.16666666666666666
3.1666666666666665
3.3333333333333335
0.16666666666666666
4.166666666666667
0.16666666666666666
4.166666666666667
0.3333333333333333
4.166666666666667
4.166666666666667
4.166666666666667
4.0
0.5
4.0
4.166666666666667
4.0
4.0
4.166666666666667
2.1666666666666665
4.166666666666667
0.3333333333333333
4.166666666666667
4.166666666666667
4.166666666666667
4.0
4.166666666666667
2.3333333333333335
4.166666666666667
4.0
4.0
4.166666666666667
4.0
4.166666666666667
4.0
0.16666666666666666
4.0
4.0
4.166666666666667
4.166666666666667
4.166666666666667
4.166666666666667
4.166666666666667
1.1666666666666667
4.0
