0.025119323
0.024814282
0.023396105
0.023168938
0.021954896
0.021800881
0.021558078
0.021528296
0.021353578
0.021019207
0.020851277
0.020482045
0.020455666
0.020451738
0.02041117
0.020183848
0.020003429
0.01985638
0.019634351
0.019590022
0.019561289
0.019421833
0.019409804
0.01940521
0.019376382
0.019364344
0.019279381
0.019231891
0.019182865
0.019164937
0.019149268
0.019141918
0.019135654
0.019109644
0.0190989
0.019057935
0.019057075
0.019043854
0.019037792
0.018979566
0.01896762
0.018961504
0.018954819
0.018952679
0.018864715
0.018778209
0.018724175
0.018723918
0.018657915
0.01857147
