0.3333333333333333
0.3333333333333333
0.3333333333333333
0.16666666666666666
3.5
0.3333333333333333
3.5
0.3333333333333333
0.3333333333333333
2.6666666666666665
1.0
0.3333333333333333
3.5
3.5
3.8333333333333335
2.6666666666666665
3.5
0.3333333333333333
3.5
0.3333333333333333
3.5
3.5
3.5
4.166666666666667
1.8333333333333333
3.5
3.5
0.3333333333333333
3.5
0.3333333333333333
3.5
3.5
3.5
0.3333333333333333
3.5
3.5
3.5
3.5
3.5
3.5
2.6666666666666665
1.0
1.8333333333333333
3.5
3.5
0.3333333333333333
3.5
3.5
3.5
2.6666666666666665
