0.022416323
0.021997238
0.02175029
0.021195149
0.021185635
0.020857552
0.020750068
0.020657135
0.020653145
0.020578526
0.02056344
0.020480774
0.020467034
0.020430785
0.02037623
0.020290561
0.020143855
0.020081863
0.020059537
0.020015286
0.019961568
0.019888792
0.019867001
0.019802166
0.019777829
0.019761393
0.019734386
0.019589862
0.019574456
0.019573618
0.019555682
0.019541
0.019532159
0.01951517
0.01950211
0.019464418
0.019447403
0.019432634
0.019426594
0.019422513
0.019414702
0.01940688
0.01940504
0.019264057
0.019237366
0.019222276
0.019193426
0.019191012
0.019184863
0.019159261
