0.029885067
0.025879724
0.025266634
0.024843123
0.024084065
0.02295243
0.022861082
0.022712508
0.022539124
0.02247199
0.022353612
0.021171195
0.021063078
0.020571105
0.020559758
0.020447405
0.020237796
0.020211296
0.020209687
0.020192964
0.020093502
0.019660445
0.019654533
0.019652558
0.019181859
0.01902306
0.018999076
0.018951971
0.018926937
0.018866954
0.018726017
0.01862708
0.018414177
0.018410135
0.018039847
0.018009715
0.017872935
0.017842554
0.017831484
0.017651275
0.01764288
0.0176222
0.017593138
0.0175774
0.017547045
0.017458169
0.017452901
0.017446766
0.017364802
0.017344931
