0.021811273
0.021726068
0.021112029
0.020993546
0.020955257
0.020949537
0.020773474
0.02055721
0.020327954
0.020296445
0.020227619
0.020202203
0.020158729
0.020116469
0.020098636
0.020067934
0.020062294
0.02005178
0.019984057
0.019970594
0.019920077
0.01990848
0.019854095
0.019849107
0.019835891
0.0198273
0.019791737
0.019785147
0.01974725
0.019676488
0.019638209
0.01963306
0.01962942
0.019624148
0.019613829
0.019597474
0.019594757
0.019580288
0.019577507
0.01957223
0.019553933
0.019548343
0.019544294
0.019539775
0.019536814
0.019524023
0.019523662
0.019516964
0.019515574
0.019497016
