0.026349688
0.025105042
0.02466477
0.02403812
0.023245117
0.022319485
0.02203175
0.021742685
0.021681225
0.021070147
0.020574713
0.020488365
0.020417877
0.020344645
0.020213371
0.020042464
0.020025577
0.019876994
0.019811943
0.019760998
0.019682968
0.019621126
0.019448722
0.019439025
0.019418318
0.019393198
0.019308424
0.019304628
0.019295314
0.019280048
0.019082299
0.01904451
0.019016976
0.019011248
0.018832378
0.018826243
0.01879858
0.018788813
0.018656451
0.018645806
0.018566223
0.01849496
0.018435694
0.018428795
0.018305177
0.018251395
0.018250098
0.018227829
0.018226556
0.018113347
