0.2857142857142857
0.2857142857142857
0.14285714285714285
0.14285714285714285
0.42857142857142855
3.5714285714285716
0.2857142857142857
0.2857142857142857
0.42857142857142855
0.5714285714285714
0.2857142857142857
0.42857142857142855
1.2857142857142858
3.4285714285714284
0.2857142857142857
3.2857142857142856
0.2857142857142857
0.2857142857142857
3.2857142857142856
3.142857142857143
2.2857142857142856
0.5714285714285714
3.0
0.2857142857142857
0.5714285714285714
0.42857142857142855
2.857142857142857
0.2857142857142857
0.5714285714285714
0.5714285714285714
0.2857142857142857
1.2857142857142858
2.7142857142857144
0.2857142857142857
0.2857142857142857
0.2857142857142857
0.2857142857142857
0.2857142857142857
2.5714285714285716
0.14285714285714285
0.42857142857142855
3.5714285714285716
0.42857142857142855
3.5714285714285716
3.5714285714285716
3.5714285714285716
3.5714285714285716
3.5714285714285716
0.42857142857142855
3.5714285714285716
