0.021499043
0.02106524
0.020974077
0.02094227
0.020879338
0.020675872
0.020668328
0.02060904
0.020524314
0.020508792
0.020422414
0.020376094
0.020290742
0.020271586
0.02016261
0.020120142
0.020083621
0.020034263
0.02001868
0.019987604
0.019978283
0.019962544
0.019897655
0.019878827
0.019821543
0.019779371
0.019778064
0.019773455
0.019751644
0.01973263
0.01972558
0.019716764
0.019676752
0.019662319
0.019637741
0.019617671
0.019605594
0.019605124
0.019591782
0.019566143
0.019563027
0.019552067
0.019541183
0.01953407
0.019506805
0.01949769
0.019490872
0.01948223
0.019481797
0.0194767
