0.025976991
0.025287455
0.02498959
0.024533989
0.023138618
0.023133876
0.022906242
0.022488637
0.022453282
0.022040188
0.021238128
0.020908078
0.020868285
0.02080333
0.020710228
0.020699764
0.020687658
0.0202726
0.020196145
0.019904502
0.01983457
0.019656142
0.019421464
0.019370984
0.019200737
0.019064914
0.019042881
0.018972913
0.018783074
0.0187759
0.018720945
0.018719373
0.018621113
0.018571552
0.018550707
0.018544734
0.018374603
0.018355273
0.01828857
0.01813191
0.018123576
0.018052462
0.018051185
0.01802845
0.017993174
0.017969314
0.017966703
0.017902369
0.017876823
0.017795911
