0.3333333333333333
0.6666666666666666
0.6666666666666666
0.6666666666666666
7.333333333333333
0.3333333333333333
7.0
7.333333333333333
0.6666666666666666
0.6666666666666666
6.333333333333333
0.0
6.333333333333333
6.666666666666667
7.0
6.666666666666667
6.333333333333333
6.333333333333333
7.333333333333333
6.333333333333333
7.666666666666667
7.666666666666667
7.666666666666667
6.666666666666667
6.0
7.333333333333333
7.0
6.333333333333333
7.333333333333333
7.333333333333333
1.3333333333333333
7.333333333333333
7.0
7.333333333333333
7.333333333333333
0.3333333333333333
7.666666666666667
7.0
7.0
6.666666666666667
7.333333333333333
6.666666666666667
7.0
7.0
7.0
7.333333333333333
7.0
7.333333333333333
7.0
5.333333333333333
