0.021871237
0.021836966
0.021752771
0.021298634
0.02117548
0.021070816
0.02094043
0.020868933
0.0207461
0.020678896
0.020606086
0.020589035
0.020524664
0.020475052
0.020406537
0.020361945
0.020279048
0.020165805
0.020109404
0.019904532
0.019850733
0.01984977
0.019823447
0.019820744
0.019814888
0.019776281
0.019719893
0.019709868
0.019677803
0.019676514
0.019651862
0.019636562
0.019610442
0.019580016
0.019553188
0.019485744
0.01948074
0.01938766
0.01936892
0.019279327
0.019279016
0.019251438
0.019234795
0.01919819
0.01916213
0.019158117
0.019157298
0.019099632
0.019033475
0.019009162
