0.027089031
0.027038755
0.025900671
0.025870707
0.023083555
0.022904998
0.022839244
0.022130724
0.021883605
0.021629222
0.021547237
0.02152923
0.02140771
0.021286774
0.021153184
0.02105752
0.020716544
0.020431073
0.020265225
0.019954687
0.019821549
0.019586585
0.019501876
0.019217785
0.018961526
0.018960938
0.0189469
0.018908897
0.018851485
0.018832093
0.018820316
0.018673813
0.01856822
0.01840573
0.018397098
0.0183457
0.017999237
0.017982967
0.017968198
0.017958608
0.01780949
0.017732972
0.01768781
0.017665366
0.017560106
0.017477794
0.017462408
0.017427301
0.017391097
0.017356463
