0.027423216
0.023885239
0.023572728
0.022769952
0.02265462
0.0221302
0.021326423
0.021291403
0.02128686
0.021116113
0.021032788
0.020905245
0.020766286
0.020709986
0.020597331
0.020473866
0.02026891
0.020198267
0.0200626
0.020059438
0.020042377
0.020020323
0.019920051
0.019918697
0.019845296
0.019481624
0.019331804
0.019230383
0.01912943
0.019084224
0.019074561
0.019018643
0.018863544
0.018848035
0.018791905
0.018730514
0.01872462
0.018664688
0.018568499
0.018561475
0.018546993
0.018422363
0.0184125
0.018369047
0.018350272
0.01834963
0.018322548
0.018292129
0.018277604
0.018274724
