0.026456397
0.023848964
0.02214892
0.022053462
0.021488985
0.021440176
0.02105707
0.020970996
0.020797238
0.020776596
0.020620083
0.020499779
0.0204608
0.020274298
0.020132676
0.02011146
0.020038975
0.019914823
0.019798787
0.019791288
0.019711537
0.019706443
0.019676646
0.019657973
0.019603262
0.01959738
0.019593684
0.019557655
0.019411044
0.019404372
0.019399775
0.01936185
0.01935934
0.01933987
0.019338934
0.019336112
0.019272612
0.019132905
0.019123284
0.019121276
0.01906753
0.018994227
0.018988982
0.01898891
0.018943526
0.018936299
0.018793846
0.018789878
0.018565632
0.018543402
