0.0
0.3076923076923077
0.07692307692307693
0.3076923076923077
0.15384615384615385
0.3076923076923077
0.23076923076923078
0.3076923076923077
0.38461538461538464
0.07692307692307693
0.38461538461538464
0.38461538461538464
0.23076923076923078
0.3076923076923077
0.07692307692307693
0.23076923076923078
0.38461538461538464
0.3076923076923077
0.3076923076923077
0.3076923076923077
0.3076923076923077
0.3076923076923077
0.38461538461538464
0.3076923076923077
0.38461538461538464
0.3076923076923077
0.38461538461538464
0.3076923076923077
0.3076923076923077
0.3076923076923077
0.38461538461538464
0.3076923076923077
0.38461538461538464
0.23076923076923078
0.3076923076923077
0.3076923076923077
0.3076923076923077
0.38461538461538464
0.38461538461538464
0.23076923076923078
0.38461538461538464
0.23076923076923078
0.3076923076923077
0.15384615384615385
0.3076923076923077
0.07692307692307693
0.3076923076923077
0.38461538461538464
0.38461538461538464
0.3076923076923077
