0.025638273
0.025172612
0.024404583
0.02236527
0.022311801
0.02225272
0.021999761
0.020999704
0.020989865
0.020988572
0.020663526
0.020604528
0.020368867
0.020127257
0.020082416
0.020057091
0.020008286
0.019988386
0.019885657
0.019813262
0.01977472
0.01967408
0.019661272
0.019611368
0.019598285
0.01957733
0.019429602
0.01942353
0.01941081
0.019391444
0.019207394
0.019154293
0.01913544
0.01911123
0.01910335
0.01907593
0.01902078
0.018921876
0.018887123
0.018884946
0.018864831
0.018831257
0.018761171
0.01867204
0.018666027
0.018603051
0.018469267
0.018227756
0.018220719
0.017906612
