0.025208022
0.02490558
0.022832079
0.022375632
0.022372624
0.021182824
0.02105748
0.020992285
0.020884562
0.020723706
0.020491168
0.020432416
0.020357791
0.020344315
0.020294169
0.020209571
0.020171141
0.020067548
0.019960605
0.019906504
0.019733483
0.019596625
0.019520205
0.019483373
0.019448621
0.019436238
0.019428447
0.019417254
0.019371431
0.019366339
0.019363798
0.01933189
0.019317396
0.019238567
0.019212898
0.019201633
0.019183626
0.019129053
0.019084383
0.019050004
0.019031469
0.018959794
0.01887658
0.01881711
0.01881054
0.018799681
0.018783543
0.018781925
0.018756695
0.018697375
