0.021723444
0.021632338
0.021512723
0.020906746
0.02079457
0.020685956
0.020600732
0.02052426
0.020519264
0.020430425
0.020318102
0.020305162
0.020251805
0.02023816
0.020218028
0.020188553
0.020168796
0.01994857
0.019939166
0.019898526
0.019893458
0.019890094
0.019875411
0.019860845
0.019827848
0.019820055
0.019805342
0.01979174
0.019775897
0.019745966
0.019732498
0.019720376
0.01968301
0.01966682
0.019629164
0.019595534
0.019586239
0.019566245
0.019556291
0.019551601
0.01953118
0.01951986
0.019485876
0.019474937
0.019465642
0.019442784
0.019430276
0.019424867
0.019424142
0.019420594
