0.032964826
0.025881222
0.024482949
0.023504948
0.022292167
0.021487482
0.02118802
0.02083031
0.020789277
0.020632826
0.02038932
0.020280626
0.020140475
0.01993404
0.019843293
0.019826332
0.019769419
0.019735642
0.019616954
0.019552404
0.01944192
0.019259201
0.019228525
0.019220738
0.01920186
0.019168943
0.019167952
0.019163042
0.019122425
0.019114042
0.019071423
0.01900065
0.018959597
0.018945387
0.018866125
0.018854018
0.018810602
0.018807052
0.018759135
0.018752687
0.018695565
0.01869386
0.018647281
0.018644603
0.018637273
0.01857248
0.018519234
0.018517122
0.018516665
0.018498069
