0.032036416
0.026867988
0.026332514
0.024674652
0.022393025
0.022099623
0.02171599
0.02163191
0.02138125
0.021192413
0.021135436
0.020924937
0.020664126
0.020455623
0.020211682
0.020085841
0.019980319
0.019441767
0.019380882
0.019378671
0.019355554
0.019293444
0.019186884
0.019137014
0.018955547
0.01894938
0.018917184
0.018848669
0.018792875
0.018615173
0.018613482
0.018591609
0.018568177
0.018557724
0.018545788
0.018503753
0.018450787
0.018403346
0.018398525
0.018385248
0.018380925
0.018377671
0.018348943
0.018347805
0.018294817
0.018289454
0.018253224
0.018245606
0.018213034
0.01819331
