1.3333333333333333
1.4
1.1333333333333333
0.9333333333333333
0.8666666666666667
1.3333333333333333
1.1333333333333333
1.3333333333333333
1.3333333333333333
1.4
1.1333333333333333
0.8666666666666667
1.1333333333333333
1.4
1.1333333333333333
1.3333333333333333
1.3333333333333333
1.4
1.4
0.9333333333333333
0.8666666666666667
1.3333333333333333
0.8666666666666667
0.9333333333333333
1.4
0.9333333333333333
1.4666666666666666
0.8666666666666667
0.8666666666666667
1.4
1.4
1.3333333333333333
1.3333333333333333
1.4
1.3333333333333333
1.3333333333333333
0.8666666666666667
0.8666666666666667
1.1333333333333333
1.3333333333333333
1.3333333333333333
1.4
1.2
1.4
0.8666666666666667
1.3333333333333333
0.8666666666666667
1.3333333333333333
1.3333333333333333
0.8666666666666667
