0.021545868
0.021450453
0.02118608
0.020769024
0.020633446
0.020602265
0.020588184
0.020569304
0.020520503
0.020391058
0.020375919
0.020315256
0.020217467
0.020215074
0.020186098
0.020174595
0.02013113
0.020111563
0.020075016
0.020062827
0.020050902
0.019991085
0.019943153
0.019909626
0.019909184
0.01990126
0.01988873
0.019873789
0.01983918
0.019830864
0.019824777
0.019752065
0.019729665
0.019682674
0.019672208
0.01964303
0.01961048
0.019602682
0.019591205
0.019574197
0.019532321
0.01952718
0.019501926
0.019448878
0.019438723
0.019398382
0.01933081
0.019317849
0.019307151
0.019254927
