0.028390206
0.024438778
0.023863731
0.022778312
0.021856844
0.021847373
0.021353126
0.021109514
0.020719282
0.020544618
0.020407781
0.020393386
0.020164756
0.020116767
0.019946774
0.019896222
0.019752093
0.019724136
0.01972148
0.019684767
0.0195872
0.019583687
0.019529415
0.01952018
0.019515987
0.019515017
0.01951009
0.019505491
0.019380175
0.019320117
0.019204678
0.019067062
0.019051634
0.019024322
0.019018037
0.019012423
0.01900512
0.01896493
0.018957429
0.018946962
0.018881503
0.018876385
0.018853642
0.018830283
0.01879133
0.018785354
0.018780839
0.018780567
0.018756468
0.0187337
