0.023139281
0.022859218
0.02270998
0.02233669
0.02192439
0.021507638
0.021301981
0.0211178
0.020995598
0.020721426
0.020594405
0.020402681
0.020374004
0.020349704
0.020227121
0.020213742
0.020018796
0.020009888
0.019904459
0.01981071
0.019797225
0.019709326
0.019697243
0.019676523
0.019672504
0.019656973
0.019621504
0.019542692
0.01951081
0.019472776
0.019433068
0.019419143
0.019412309
0.019404981
0.019334048
0.019275105
0.019236274
0.019222626
0.019211682
0.019172587
0.019153895
0.019061571
0.019021694
0.019012002
0.018998252
0.018987078
0.018969968
0.018942373
0.018940521
0.018913787
