0.023538688
0.022723654
0.022207165
0.022110248
0.0218741
0.021475764
0.021428274
0.02142416
0.021393634
0.02092878
0.020924034
0.020910477
0.020384312
0.020331629
0.02028935
0.020256912
0.020136453
0.020028438
0.020024719
0.01993153
0.019899659
0.019796994
0.01972686
0.019719599
0.019713357
0.019706985
0.019700823
0.019610513
0.019606648
0.019581135
0.01937473
0.019356137
0.019259952
0.019237688
0.019224709
0.019201417
0.01919003
0.01914766
0.019088289
0.0190856
0.019050352
0.018941218
0.01892577
0.018844731
0.01882877
0.018817237
0.018812016
0.018786527
0.018759511
0.018682659
