0.022126162
0.021967975
0.02185415
0.021562396
0.021333102
0.021237887
0.020960353
0.020453028
0.020353789
0.02029977
0.020284565
0.020266615
0.020190641
0.020149378
0.02013986
0.020134725
0.02008008
0.020023238
0.019956542
0.019888539
0.019873839
0.019834595
0.019780725
0.019780425
0.019762035
0.019754121
0.019697526
0.019694436
0.019657088
0.019642485
0.0196354
0.019591652
0.01958601
0.019567043
0.01953889
0.019530607
0.019523082
0.019519314
0.019502457
0.01947814
0.01944802
0.019427748
0.019420315
0.019399378
0.019389527
0.019364217
0.01936409
0.0193444
0.019317053
0.019312534
