0.022675438
0.021959718
0.021647288
0.021603093
0.021546572
0.021424212
0.021380024
0.021246774
0.021183174
0.021175206
0.021147842
0.021087902
0.02103443
0.020821797
0.020684872
0.020513257
0.02031739
0.020276679
0.020259412
0.020244675
0.020049853
0.019959213
0.019924847
0.019829968
0.01979056
0.019788561
0.019443652
0.019441197
0.019333785
0.019303184
0.019282648
0.019271404
0.019243753
0.019240506
0.019207856
0.01910774
0.019100461
0.019098325
0.019077938
0.01907685
0.01901908
0.019006148
0.018981863
0.018959844
0.018939417
0.01889673
0.018858002
0.018857336
0.018851854
0.018827662
