0.022017617
0.02184655
0.021401811
0.021023884
0.020983554
0.020650342
0.020595618
0.020482497
0.020455865
0.020333346
0.020312535
0.020290388
0.020238504
0.020188784
0.02013782
0.020108178
0.020071102
0.020036012
0.02001184
0.020008609
0.019948034
0.019899046
0.01989328
0.01989216
0.019825269
0.019821873
0.019811181
0.019792141
0.019741014
0.019734474
0.019697705
0.01964893
0.01964515
0.01962166
0.01955461
0.01955218
0.019547708
0.01954238
0.019540804
0.019533915
0.01950032
0.0194909
0.019485427
0.019484125
0.019477502
0.019451905
0.019446583
0.019414393
0.019409843
0.019400662
