0.0299478
0.026759176
0.02586198
0.025066793
0.02446567
0.02386206
0.023712149
0.023060028
0.021434646
0.020858778
0.02081739
0.020767672
0.020604774
0.020462858
0.020403815
0.020106366
0.020044178
0.019950857
0.019656783
0.01963791
0.019566638
0.019566417
0.01956065
0.019466508
0.019108815
0.019025099
0.018997027
0.018978966
0.018858317
0.018734887
0.018734572
0.018650407
0.018514115
0.018429581
0.018395144
0.018390283
0.018306676
0.018285641
0.01828449
0.018171092
0.018007874
0.017814603
0.017780362
0.017730597
0.017709447
0.017674843
0.017641848
0.017500937
0.017475953
0.017156543
