0.032312173
0.028366467
0.026983473
0.025625778
0.025231209
0.023665858
0.022629699
0.02256965
0.02240597
0.02235999
0.022112263
0.021371748
0.021033965
0.02096616
0.020899775
0.020399863
0.020287434
0.01999555
0.019978829
0.019674335
0.019203668
0.019147431
0.018925874
0.018889042
0.018698363
0.018654441
0.018643681
0.018521883
0.018453762
0.018420402
0.01827472
0.018208047
0.018115785
0.01806725
0.018003296
0.017999683
0.017920308
0.017898053
0.017745277
0.017721198
0.017661992
0.017617585
0.017587902
0.017415501
0.017410941
0.01739726
0.017148245
0.01713826
0.017125884
0.017114019
