0.02222883
0.021782678
0.02115371
0.021141833
0.020693272
0.020538324
0.020506743
0.020383991
0.020284975
0.020189874
0.0201797
0.020176284
0.02015437
0.02013819
0.02013459
0.02004744
0.019965691
0.01996026
0.019948622
0.019939927
0.019902369
0.019893918
0.019878328
0.019862998
0.019827314
0.019798744
0.019790007
0.019784654
0.019777087
0.01976477
0.019763293
0.019731227
0.019719396
0.019698929
0.019677535
0.019656276
0.019646151
0.019644545
0.019624026
0.019622521
0.01960396
0.019589337
0.01957823
0.019570176
0.019552885
0.019529408
0.01951956
0.019505212
0.019473456
0.019464342
