0.022682762
0.022565402
0.02159322
0.021504076
0.02143224
0.021182353
0.02102793
0.02081055
0.020766089
0.020623075
0.020585656
0.020511301
0.020268114
0.020253932
0.020068312
0.020040434
0.020005131
0.019935818
0.019857414
0.019853635
0.019832745
0.019813
0.019785611
0.019701583
0.019691834
0.019682087
0.019680453
0.019677132
0.0196603
0.019648131
0.019637281
0.01954095
0.019530894
0.019443274
0.019429678
0.019420223
0.019420208
0.01941724
0.019391084
0.019355489
0.019338086
0.019327018
0.019291997
0.019276988
0.019266294
0.01925776
0.01924962
0.019244865
0.019214183
0.019206546
