0.042128686
0.03303729
0.02870643
0.026459567
0.025022015
0.02489858
0.022511836
0.022262651
0.02225194
0.02211155
0.02132361
0.021242585
0.020970903
0.020710647
0.019756785
0.019395366
0.019335585
0.019204326
0.019047352
0.019005222
0.018918732
0.018877052
0.018792355
0.018502517
0.018498477
0.018458439
0.01834508
0.018338345
0.018322702
0.018291272
0.018071614
0.018053453
0.018005902
0.01796947
0.01775697
0.017719261
0.017386703
0.017289758
0.017257197
0.017232105
0.017160732
0.017146304
0.017130593
0.017020656
0.0169618
0.016874675
0.016654659
0.016589602
0.01653873
0.016451847
