0.029308233
0.026495574
0.024539737
0.023469066
0.022320043
0.021471487
0.020685403
0.020493979
0.020493086
0.020104723
0.01995428
0.019680016
0.019677555
0.019611413
0.019609807
0.019603565
0.019499034
0.019494513
0.019462056
0.01945472
0.019434342
0.01943252
0.019426094
0.019396933
0.019363398
0.01935823
0.019340528
0.019340249
0.01929765
0.019292133
0.019145317
0.019138955
0.019107921
0.019090913
0.019085256
0.019083425
0.01905676
0.01905154
0.019050727
0.019040896
0.019032571
0.019019378
0.019015247
0.019012747
0.019009069
0.019007197
0.019000994
0.018993419
0.01898059
0.018966638
