0.020798095
0.020553857
0.02045128
0.02042514
0.02036026
0.02029958
0.020266594
0.02024156
0.020238604
0.020207776
0.020156678
0.02014641
0.02012411
0.020108046
0.02007063
0.020049881
0.02003086
0.020026224
0.020025598
0.020012513
0.020009227
0.01999185
0.019967668
0.019966468
0.019966338
0.019960688
0.019940965
0.019936876
0.019932555
0.019932183
0.019917296
0.019912753
0.01984676
0.01983171
0.019818353
0.01981471
0.01980951
0.019802524
0.019798813
0.019787768
0.019771094
0.019770673
0.019770263
0.019754987
0.0197535
0.019749925
0.019727033
0.019722428
0.019720832
0.019720491
