0.027659688
0.026476488
0.026432829
0.025432842
0.024939895
0.024911324
0.023035869
0.022715071
0.022435961
0.02243293
0.022299288
0.02228047
0.02195521
0.021733003
0.021629767
0.020413281
0.02040247
0.020335933
0.020317711
0.020162303
0.019932916
0.019489044
0.019332074
0.019293392
0.019254375
0.019142827
0.019132111
0.019040624
0.018873716
0.018842418
0.018714167
0.018392233
0.018196357
0.018148873
0.01796946
0.017886775
0.01786299
0.01783849
0.01779371
0.017533809
0.017530771
0.017216943
0.017103733
0.017029893
0.016908126
0.016881732
0.016842518
0.016803216
0.016663272
0.016347041
