0.034959592
0.026442321
0.024411429
0.023716435
0.023310931
0.02220424
0.021765817
0.021707302
0.021623373
0.021411195
0.021403456
0.020778751
0.020541193
0.02035547
0.020014737
0.019918807
0.019820523
0.019728191
0.019702127
0.019669838
0.019666528
0.019607961
0.019601157
0.019558273
0.019454401
0.019431502
0.019152561
0.019030094
0.01884397
0.018700523
0.01869477
0.018644135
0.0185691
0.018476404
0.018473718
0.018448655
0.018410219
0.018406678
0.018230615
0.018209955
0.018179584
0.018170388
0.018103918
0.018097248
0.01809566
0.018087506
0.01778796
0.017676044
0.017535387
0.017169354
