0.02161539
0.021371603
0.021316996
0.021217618
0.021038724
0.021030016
0.020980164
0.020862285
0.020771502
0.020759195
0.020577801
0.020569779
0.02055722
0.02053142
0.020471442
0.020236429
0.020187711
0.020185987
0.020169143
0.020065868
0.020064877
0.020053344
0.020027237
0.020012166
0.019899812
0.01988469
0.019832706
0.019804368
0.019785367
0.019782042
0.019720528
0.019674709
0.019632827
0.019581165
0.019571498
0.01955193
0.019546911
0.019499613
0.019475853
0.019357849
0.019343402
0.019270279
0.019220605
0.019199215
0.019118782
0.019092258
0.019089075
0.019012583
0.018763572
0.018614357
