0.027796395
0.02593951
0.025733799
0.025259765
0.023245279
0.02314279
0.02244447
0.022216791
0.021811254
0.021625774
0.021239957
0.021231981
0.020563744
0.020459265
0.02034159
0.02026904
0.020132206
0.020038716
0.020027649
0.01969208
0.019594042
0.019560555
0.019451855
0.019177955
0.019150756
0.019121116
0.01904816
0.019016847
0.019016093
0.0188681
0.018795276
0.018714964
0.018678842
0.01859699
0.018592633
0.018503673
0.018435318
0.018312605
0.018282203
0.01821356
0.018195087
0.018111065
0.018086603
0.018036654
0.018016411
0.017973457
0.017919911
0.017819872
0.017802656
0.017694699
