0.026513956
0.024971213
0.024454383
0.02277538
0.022523098
0.021799657
0.021677649
0.021628816
0.021471355
0.021429915
0.020744057
0.020618418
0.020241389
0.020202562
0.020165378
0.020078717
0.019997137
0.019995706
0.019934537
0.019688578
0.019643692
0.019638643
0.01957292
0.01956404
0.019509
0.019484542
0.01945946
0.019433549
0.019352658
0.019184867
0.019183695
0.01918302
0.019013068
0.018973552
0.018970862
0.018821763
0.018803483
0.018795978
0.018752461
0.0186992
0.018692195
0.01863332
0.018598108
0.018561218
0.018499319
0.018480916
0.018432284
0.018416904
0.018413402
0.018319853
