0.025442164
0.024915773
0.024481473
0.024276892
0.022447987
0.022269322
0.022244394
0.022014862
0.021748917
0.021686507
0.020941932
0.020921085
0.020835713
0.020829812
0.020685883
0.020366443
0.020291489
0.02009205
0.020015916
0.019831669
0.019664317
0.019584956
0.01946407
0.019407043
0.019398177
0.019374827
0.01933231
0.019284181
0.019204237
0.019200822
0.019122789
0.019096954
0.019040825
0.018821735
0.018749101
0.01864287
0.018613085
0.018488111
0.018471744
0.018460069
0.01839375
0.01832288
0.01831842
0.01831813
0.018252987
0.018192396
0.01817691
0.018168716
0.018054228
0.01803911
