0.029700099
0.024844669
0.024433557
0.023690863
0.02337948
0.023077497
0.022563798
0.022359127
0.022165127
0.022082172
0.021334738
0.021239812
0.020940023
0.020785736
0.020751387
0.020696824
0.02051601
0.020275112
0.020225009
0.019760195
0.019636929
0.019549007
0.019541632
0.019395957
0.019266257
0.019222919
0.019186437
0.018853175
0.01885085
0.018801646
0.01878014
0.018710177
0.018619733
0.01858346
0.018510051
0.018501582
0.018402154
0.018297853
0.018204795
0.018137
0.018119156
0.017942606
0.017922346
0.017915905
0.017861385
0.017840564
0.017811628
0.017740527
0.01753541
0.01743758
