0.023885597
0.022318995
0.02164154
0.021588987
0.020631542
0.020601239
0.020569574
0.02054262
0.020416962
0.020401446
0.0203904
0.02035491
0.02034791
0.020312075
0.020295344
0.020184511
0.02008892
0.020021314
0.02001637
0.019984039
0.019962536
0.019961907
0.019867446
0.019859575
0.01983621
0.01983155
0.019804707
0.01975081
0.01971684
0.019698516
0.019592851
0.019589512
0.019581527
0.019529898
0.019451655
0.019447139
0.01942597
0.019422246
0.019339046
0.019317212
0.01930223
0.019295793
0.019284863
0.019270176
0.019230112
0.019224055
0.019209974
0.019206027
0.019198483
0.019196805
