0.030319164
0.026987292
0.026770435
0.026461696
0.023436332
0.022263529
0.021328056
0.021057675
0.020762874
0.020628072
0.020536307
0.020401994
0.020359516
0.020315435
0.020167083
0.02001638
0.019971406
0.019831525
0.019769663
0.01974819
0.019617096
0.019611152
0.01939615
0.019335484
0.019290408
0.019126091
0.019090248
0.018977087
0.018942052
0.018908193
0.018785357
0.018728055
0.018715508
0.018561484
0.018553223
0.018535003
0.018524492
0.018425519
0.018344723
0.018235182
0.018183863
0.018170368
0.01815992
0.018138964
0.018136814
0.018090107
0.018089823
0.01808011
0.018070422
0.018044433
