0.027079422
0.022866527
0.021962892
0.02120641
0.021201083
0.021199007
0.021169024
0.020850342
0.020592038
0.02048822
0.020355497
0.020341443
0.020291023
0.020118354
0.020070491
0.020055234
0.01991892
0.019909447
0.019886699
0.019870874
0.0198283
0.01975977
0.019700209
0.019651037
0.019575827
0.019555364
0.019478835
0.019470122
0.019407604
0.019401895
0.019400341
0.019373422
0.019351132
0.01934901
0.019347697
0.019276971
0.019266672
0.019266114
0.019261058
0.019218745
0.019214852
0.01920285
0.019178037
0.01915224
0.019150948
0.01915021
0.019146524
0.019145979
0.019145327
0.01913994
