1.0
1.0
1.0
1.0
1.0
1.0
1.0833333333333333
1.0833333333333333
1.0833333333333333
1.0833333333333333
0.8333333333333334
1.0833333333333333
1.0
1.0
1.0833333333333333
1.0833333333333333
1.0
1.0833333333333333
0.8333333333333334
1.0
1.0833333333333333
1.0833333333333333
1.0833333333333333
1.0833333333333333
1.0833333333333333
1.0
1.0833333333333333
1.0833333333333333
1.0
1.0833333333333333
1.0833333333333333
1.0833333333333333
0.9166666666666666
1.0833333333333333
1.0833333333333333
1.0833333333333333
1.0833333333333333
1.0833333333333333
1.0833333333333333
1.1666666666666667
1.0833333333333333
0.9166666666666666
1.0833333333333333
0.8333333333333334
1.0833333333333333
1.0833333333333333
0.8333333333333334
1.0833333333333333
0.8333333333333334
1.0833333333333333
