0.025267605
0.0236945
0.02308129
0.022616722
0.022532273
0.021962833
0.021948658
0.021461723
0.02127447
0.021250606
0.021144502
0.021080345
0.020921698
0.020486195
0.020469228
0.020352202
0.02026531
0.020082336
0.020000285
0.019883828
0.019866351
0.019750766
0.01969034
0.019690176
0.019668192
0.019603007
0.019565776
0.019537328
0.019533169
0.019453034
0.019357946
0.019287543
0.019200008
0.01916183
0.019127991
0.019033447
0.019017654
0.01894217
0.018907433
0.018801456
0.01867032
0.018660756
0.018556865
0.01845075
0.018195957
0.01817346
0.018158004
0.018150432
0.018010575
0.018000843
