0.028758671
0.027478771
0.023636272
0.022655718
0.02245407
0.022198712
0.021967739
0.021739582
0.021709561
0.021589015
0.021583574
0.021214928
0.020762885
0.020610666
0.020517882
0.020371756
0.020345937
0.020223679
0.020105354
0.019850425
0.019840004
0.019821454
0.01978278
0.01961074
0.019343924
0.019206103
0.019205103
0.019056296
0.018861266
0.01883693
0.018809682
0.01877694
0.018588925
0.01857617
0.018549047
0.018546984
0.01847644
0.018364597
0.018310893
0.01830991
0.018306844
0.018294184
0.018290585
0.018211372
0.018197974
0.01814787
0.018038897
0.018016962
0.017977871
0.017868124
