0.033928473
0.03182131
0.031100322
0.029807532
0.029423585
0.026831703
0.025697324
0.025088774
0.02503272
0.022603428
0.022497322
0.022358125
0.02044936
0.020292994
0.020277657
0.020097507
0.019731712
0.018790238
0.018656429
0.018620111
0.01854792
0.0185271
0.018369108
0.018083787
0.018020334
0.018013332
0.01780405
0.017745087
0.017742025
0.017650269
0.017433438
0.017433336
0.017425286
0.017400311
0.017250312
0.017237255
0.017165422
0.01707249
0.016951328
0.016946182
0.01675352
0.016621545
0.016495574
0.016425572
0.016395504
0.016373629
0.016362706
0.016312087
0.016288863
0.016046027
