0.023913847
0.023234718
0.023228412
0.021883385
0.021717306
0.021582214
0.021269428
0.02123969
0.021208683
0.02118552
0.021155367
0.02107212
0.021006372
0.020761676
0.020741705
0.020512655
0.020326998
0.020296764
0.020221213
0.020200435
0.019981602
0.019856304
0.019847209
0.019816518
0.019768944
0.019713178
0.019657243
0.01958853
0.01957133
0.019528221
0.019491224
0.019274019
0.019249888
0.019116754
0.01907908
0.018997237
0.018896995
0.01886675
0.01881522
0.018804789
0.018798973
0.018739495
0.018735733
0.01863311
0.018470895
0.018447174
0.01843716
0.0184279
0.018315958
0.01831404
