0.025922146
0.022271605
0.022019388
0.021459015
0.021252425
0.021180516
0.020929335
0.020781929
0.020495037
0.020378012
0.020367939
0.020267375
0.020200185
0.020144306
0.020081077
0.02006608
0.020053964
0.020051656
0.020002121
0.019994598
0.019993115
0.019969448
0.01995554
0.019804312
0.019801212
0.019798176
0.01959581
0.019510569
0.019510007
0.019509902
0.019477097
0.01946755
0.019439237
0.019332306
0.019316526
0.019286625
0.019270785
0.019267868
0.01924939
0.01924061
0.019227145
0.019189354
0.019147512
0.019135538
0.019114876
0.0191109
0.01909506
0.019090649
0.019088715
0.019085415
