0.02350922
0.021798683
0.02166336
0.021480676
0.021054694
0.021050379
0.02091554
0.020807404
0.020674188
0.020592844
0.020574933
0.020332979
0.02031137
0.020218605
0.0202185
0.020199142
0.020183234
0.020109182
0.020031447
0.020019906
0.020012857
0.019972494
0.019936375
0.019757766
0.01972606
0.019714441
0.01968908
0.019638779
0.019630374
0.019594247
0.019566393
0.01954166
0.01951795
0.019441053
0.019429808
0.019427916
0.01941227
0.019392498
0.019381268
0.019328399
0.019308167
0.019297294
0.019291531
0.019264419
0.019224552
0.01921409
0.019210631
0.019160846
0.019086376
0.019084137
