0.030341057
0.024665775
0.023760717
0.023729224
0.02365366
0.022809446
0.022632428
0.021513427
0.02087573
0.020632593
0.020628653
0.020372843
0.020340495
0.020072514
0.020041589
0.019777166
0.019765351
0.01976339
0.019504385
0.019486986
0.019417735
0.019204844
0.019131882
0.0191136
0.019103589
0.018902648
0.018894436
0.018879803
0.018876834
0.018867156
0.018846745
0.018844297
0.01881921
0.018805204
0.018801281
0.018786324
0.018781522
0.018779147
0.018755788
0.018751983
0.018751718
0.01874607
0.018745463
0.018732
0.018726153
0.018724734
0.018721944
0.018715894
0.018709369
0.018695258
