0.033160716
0.031243298
0.030141493
0.029694214
0.028769959
0.027522003
0.025418367
0.023497514
0.022764534
0.022301238
0.021792313
0.021557465
0.021455334
0.02131473
0.021026978
0.020387566
0.020039676
0.02002421
0.019718396
0.019561233
0.019528208
0.019247057
0.019063516
0.018891323
0.018708259
0.018546836
0.01846
0.018147653
0.01780924
0.017602494
0.017490473
0.017426565
0.017342998
0.017272092
0.017214322
0.01718636
0.017078351
0.01696328
0.016906118
0.01687707
0.016817309
0.016529322
0.016462665
0.016440999
0.015911378
0.015906617
0.015759274
0.015696343
0.01566416
0.015658513
