0.022882525
0.022330716
0.021569517
0.021399872
0.02102853
0.021020196
0.020989725
0.020902371
0.020726867
0.02068354
0.020635914
0.020550901
0.020290462
0.020095382
0.020000065
0.01998379
0.01997804
0.019959403
0.019879552
0.019864341
0.019845914
0.019806657
0.019794302
0.01977427
0.019762767
0.019733865
0.019712754
0.019666852
0.019635098
0.019614838
0.019534467
0.019515602
0.019503217
0.019494874
0.019484388
0.019458022
0.019457843
0.019457497
0.019446637
0.019434262
0.019431973
0.0193727
0.01931827
0.019305687
0.019302893
0.019294064
0.01929402
0.019271974
0.019268515
0.019234044
