0.0251123
0.024762187
0.024450881
0.024130056
0.024052558
0.024008472
0.023352163
0.02295867
0.022385256
0.022117123
0.021698795
0.021462902
0.021240633
0.02096584
0.020639457
0.020443093
0.020202138
0.020121321
0.020009628
0.019853983
0.019776907
0.019770138
0.019766696
0.01964662
0.01945351
0.019360961
0.019315252
0.019310279
0.01925084
0.019185228
0.019139724
0.019076096
0.018739406
0.01860604
0.018559325
0.018510936
0.018346215
0.018194271
0.017934043
0.017907344
0.017899608
0.017890232
0.017867735
0.017587379
0.017561339
0.017544623
0.01754453
0.01745319
0.01742959
0.017404603
