0.024085602
0.023457907
0.022868415
0.022413675
0.022340517
0.021384073
0.021380145
0.021303697
0.020751342
0.020650966
0.020646
0.0205761
0.02039627
0.02016854
0.020008832
0.019960625
0.01995716
0.019943
0.019906968
0.019900845
0.019894835
0.01988317
0.019730188
0.019694922
0.019690441
0.019676486
0.01966655
0.019640977
0.019501323
0.019482212
0.019458735
0.019433837
0.019378114
0.019339254
0.019334788
0.019266838
0.019241814
0.019182181
0.01917237
0.019156184
0.019108124
0.018979494
0.01895595
0.018798364
0.018795732
0.018741494
0.018732514
0.018662656
0.018660001
0.018639766
