1.1428571428571428
1.1428571428571428
1.2857142857142858
1.2857142857142858
1.2857142857142858
1.1428571428571428
1.2857142857142858
1.2857142857142858
1.2857142857142858
0.42857142857142855
1.1428571428571428
1.2857142857142858
0.5714285714285714
1.5714285714285714
1.2857142857142858
1.4285714285714286
1.5714285714285714
1.1428571428571428
1.5714285714285714
1.5714285714285714
1.4285714285714286
1.1428571428571428
1.0
1.2857142857142858
1.7142857142857142
1.2857142857142858
1.2857142857142858
1.2857142857142858
1.2857142857142858
1.1428571428571428
1.2857142857142858
1.2857142857142858
1.7142857142857142
1.5714285714285714
1.2857142857142858
1.4285714285714286
1.2857142857142858
1.2857142857142858
1.2857142857142858
1.4285714285714286
0.5714285714285714
1.5714285714285714
1.4285714285714286
1.1428571428571428
1.1428571428571428
1.5714285714285714
1.4285714285714286
1.1428571428571428
0.8571428571428571
1.2857142857142858
