0.025101531
0.02410048
0.022370469
0.021763828
0.021702843
0.021527829
0.021418957
0.021313231
0.021291375
0.020949768
0.020834288
0.020832933
0.020738542
0.02044796
0.02025018
0.020213718
0.020191452
0.02011758
0.020102892
0.020037746
0.019985603
0.019950299
0.019866176
0.019721754
0.019625613
0.019615892
0.019583061
0.019552547
0.01951508
0.019447314
0.019380886
0.019359328
0.01930351
0.019190347
0.019186806
0.019185092
0.019169694
0.01911412
0.018850023
0.018835783
0.018790368
0.018775607
0.018741712
0.01869368
0.018669825
0.01865589
0.0185768
0.01848477
0.018441005
0.018423771
