0.027668057
0.025824701
0.023921238
0.022555564
0.022483112
0.022322398
0.022313327
0.021800041
0.02141104
0.02137656
0.020812092
0.020784378
0.020761646
0.020567978
0.020422895
0.020392496
0.020207942
0.020106466
0.02004246
0.019836156
0.019804813
0.019731145
0.019722572
0.019215127
0.019214302
0.019191457
0.019191401
0.019109929
0.019108512
0.019075673
0.019059384
0.018946737
0.018933717
0.01889679
0.018866073
0.018732099
0.01868463
0.018683266
0.018641066
0.018639006
0.018513933
0.018490436
0.018470498
0.018457366
0.018404
0.018400459
0.018325886
0.018305903
0.017943162
0.017630184
