0.024057794
0.023813529
0.022616282
0.022184907
0.022140881
0.022131903
0.021687072
0.021652987
0.021127993
0.021060552
0.02085314
0.020644281
0.020635227
0.020629078
0.020528946
0.020365505
0.020325309
0.020251825
0.020223228
0.01996222
0.019957475
0.019871155
0.019790083
0.019785596
0.019755118
0.019578235
0.01953748
0.019449798
0.019418046
0.019326786
0.019292148
0.019207155
0.019141955
0.019087879
0.0190416
0.01887872
0.018873574
0.01886106
0.018854067
0.018795587
0.018754492
0.018747794
0.018730672
0.018712258
0.018708846
0.018627059
0.018626336
0.018583264
0.01855865
0.01855444
