0.032924123
0.030421745
0.028850047
0.027300436
0.023716895
0.02331659
0.022873402
0.02237341
0.022369046
0.021837352
0.021780493
0.020981353
0.020909503
0.020831767
0.02074251
0.020211026
0.01990695
0.019584954
0.019576808
0.019341037
0.019176047
0.019166356
0.019057019
0.018962266
0.018932648
0.01877782
0.018730283
0.018664775
0.018459797
0.018406915
0.018376581
0.018363643
0.018192647
0.018049838
0.018030848
0.018004391
0.01775739
0.01775046
0.017692994
0.01752489
0.017478462
0.017454159
0.017343268
0.017299421
0.017268872
0.017230835
0.017039595
0.016993782
0.016986249
0.016978323
