0.027454121
0.024997102
0.024309488
0.023429623
0.023144305
0.022919882
0.022719633
0.021840747
0.021692356
0.021536691
0.021407068
0.021122389
0.021072078
0.02097868
0.020970695
0.02070581
0.020497825
0.020430962
0.020297581
0.020294338
0.02012742
0.02006966
0.019894136
0.019739458
0.019511988
0.019382242
0.019370116
0.019341238
0.019338118
0.019179134
0.019059526
0.018866241
0.01877935
0.018773
0.018567564
0.018467002
0.018457068
0.018451497
0.018379962
0.018311217
0.017877446
0.017833594
0.01772792
0.017652104
0.01764961
0.017585758
0.017547071
0.017466852
0.017399648
0.017372705
