2.2857142857142856
1.0
2.2857142857142856
2.142857142857143
1.0
2.2857142857142856
1.0
1.0
1.0
1.0
1.0
2.0
2.2857142857142856
1.0
2.142857142857143
2.2857142857142856
2.2857142857142856
2.2857142857142856
1.0
2.142857142857143
1.0
2.2857142857142856
1.0
1.0
2.2857142857142856
2.142857142857143
1.0
1.8571428571428572
1.0
2.2857142857142856
2.2857142857142856
1.2857142857142858
2.2857142857142856
2.2857142857142856
1.2857142857142858
1.0
1.0
1.0
2.2857142857142856
1.0
1.0
1.0
1.0
1.0
1.0
2.2857142857142856
2.0
1.0
2.2857142857142856
2.2857142857142856
