0.031909224
0.028723747
0.02722239
0.025544273
0.024534395
0.02446551
0.02318621
0.023102503
0.022912541
0.022842646
0.02218711
0.021738416
0.02156379
0.021546612
0.02136671
0.021109585
0.021095786
0.021053463
0.019951055
0.01974252
0.019523071
0.019285355
0.019143889
0.018926833
0.018819893
0.01866875
0.018608855
0.018606864
0.018529627
0.018434579
0.018408047
0.018158644
0.01810296
0.01786378
0.0177169
0.017607292
0.017508032
0.0174939
0.017378151
0.01733473
0.01717829
0.017049571
0.01688532
0.016879242
0.016841257
0.016796863
0.016714126
0.016665792
0.016541008
0.016529886
