0.023054523
0.02297091
0.0214507
0.0214221
0.021292236
0.021232408
0.021207877
0.021038886
0.021002656
0.020820769
0.020731619
0.020687323
0.02065694
0.020615142
0.020360103
0.02031063
0.020297026
0.020236136
0.020202937
0.020171033
0.020168506
0.020109994
0.02001287
0.019977657
0.019765347
0.0197113
0.019691749
0.01953005
0.019386305
0.0193581
0.019345539
0.019321036
0.019300498
0.019296968
0.019292574
0.019282483
0.019276757
0.019226966
0.0191421
0.019103298
0.019090327
0.019081311
0.019073319
0.01900719
0.019006688
0.018991148
0.018975426
0.018942142
0.018901901
0.018868499
