0.02617558
0.024760505
0.023575421
0.022191044
0.021902023
0.02178553
0.021629704
0.021140812
0.02108773
0.02094606
0.020514356
0.020318538
0.020303247
0.02029626
0.020005373
0.019997966
0.019961322
0.019827543
0.01982399
0.019820297
0.019786602
0.019726014
0.01971161
0.019669887
0.019666428
0.019581446
0.019463396
0.019435532
0.019422632
0.019344188
0.019321015
0.019233203
0.019227192
0.019219423
0.019199677
0.019016987
0.018996475
0.01898862
0.01897082
0.018947378
0.01892641
0.018919991
0.018790377
0.018705878
0.018685548
0.018658891
0.018644523
0.018610356
0.018574085
0.018492196
