0.036446393
0.028094513
0.025905268
0.023612205
0.023353748
0.023119202
0.021275649
0.02118338
0.02081794
0.02063598
0.020134116
0.020097505
0.020063922
0.020046853
0.020040303
0.019487165
0.019398905
0.019387204
0.019209908
0.019168984
0.019163296
0.019146135
0.01911198
0.019103028
0.019097198
0.019012034
0.01898735
0.01894729
0.018927725
0.018881684
0.018827492
0.01871101
0.018626083
0.018621532
0.018577363
0.018565498
0.018507002
0.018469732
0.018440496
0.018402493
0.01837747
0.018314905
0.018249026
0.018232955
0.018230207
0.01822941
0.01821176
0.018200453
0.018200034
0.01814816
