0.030095607
0.029360328
0.021779828
0.021558825
0.021125196
0.020701766
0.020502329
0.020491656
0.020384606
0.020268459
0.020224288
0.02015826
0.02010038
0.0200033
0.019992117
0.019982789
0.019895015
0.019752065
0.019742442
0.019731851
0.019669319
0.019646576
0.019544508
0.019429086
0.019357985
0.019345231
0.019296156
0.019192198
0.019175868
0.019164484
0.01916145
0.019142354
0.019131046
0.019116025
0.019099286
0.019093003
0.019048681
0.019047713
0.019023214
0.01901074
0.018986437
0.018973956
0.018971633
0.018963642
0.018959897
0.018932788
0.018925583
0.018924199
0.018914418
0.018901352
