0.025394702
0.022127977
0.021490827
0.021374548
0.021365589
0.021345869
0.021235967
0.020650404
0.020583332
0.020562606
0.020295646
0.020245627
0.020234551
0.020202333
0.020126704
0.020059217
0.019909607
0.019870816
0.019777335
0.01976571
0.019760117
0.019758815
0.019715717
0.01967129
0.01965647
0.019617364
0.01960733
0.019595591
0.01958056
0.019546779
0.019537741
0.0194784
0.01945255
0.01944653
0.019442748
0.019434312
0.019431503
0.019405311
0.019403614
0.019346708
0.019333068
0.019325435
0.01932297
0.019308284
0.019238366
0.01922019
0.019210672
0.019193694
0.019174982
0.019163523
