0.023820888
0.022871545
0.022609623
0.022203423
0.022155726
0.022091858
0.021768827
0.021539744
0.02147959
0.021286074
0.021266254
0.02123154
0.021014437
0.0209458
0.020396838
0.020376792
0.0203333
0.020215223
0.020028818
0.01995714
0.019904837
0.019791845
0.019670304
0.019625595
0.019612012
0.019434746
0.019354405
0.019348158
0.019309748
0.0192554
0.019203948
0.019195287
0.019113405
0.019102523
0.019056063
0.019028312
0.018905904
0.018896073
0.018884005
0.018847823
0.018837113
0.018724589
0.018708495
0.018705074
0.018697593
0.01868045
0.01866726
0.018666802
0.018605769
0.018572982
