0.7272727272727273
0.7272727272727273
0.7272727272727273
0.7272727272727273
0.7272727272727273
0.45454545454545453
0.7272727272727273
0.7272727272727273
0.7272727272727273
0.7272727272727273
0.6363636363636364
0.6363636363636364
0.7272727272727273
0.7272727272727273
0.7272727272727273
0.7272727272727273
0.7272727272727273
0.7272727272727273
1.0909090909090908
0.7272727272727273
0.8181818181818182
0.7272727272727273
0.7272727272727273
0.7272727272727273
0.7272727272727273
0.7272727272727273
0.7272727272727273
0.6363636363636364
0.7272727272727273
0.7272727272727273
0.7272727272727273
0.7272727272727273
0.45454545454545453
0.7272727272727273
0.7272727272727273
0.45454545454545453
0.7272727272727273
0.9090909090909091
0.8181818181818182
0.8181818181818182
0.7272727272727273
0.9090909090909091
0.7272727272727273
0.7272727272727273
0.7272727272727273
0.7272727272727273
0.7272727272727273
0.7272727272727273
0.7272727272727273
0.8181818181818182
