0.02438548
0.0238092
0.02340888
0.022282874
0.022141472
0.02164717
0.02145934
0.021238185
0.021232024
0.020920627
0.02076657
0.020662371
0.020514755
0.0205102
0.02047495
0.020458119
0.020333806
0.02029985
0.02017922
0.02016889
0.020083139
0.02002503
0.020011095
0.019958341
0.019948313
0.019793946
0.01972895
0.019710662
0.019610815
0.019505
0.019404756
0.019340873
0.019243151
0.019214135
0.018965589
0.01895079
0.018880347
0.018852763
0.018721083
0.01871613
0.018670533
0.01859803
0.018567445
0.018490754
0.01846877
0.018423963
0.018413257
0.018369513
0.018220374
0.018218504
