0.024572678
0.023189079
0.022610856
0.021730268
0.021422785
0.021383896
0.020997116
0.020966336
0.020782862
0.020707998
0.020394335
0.020389326
0.020344405
0.02033663
0.020255161
0.020253766
0.020210434
0.02018657
0.020065596
0.020048648
0.020001907
0.019985022
0.019968169
0.019897565
0.01986019
0.019792808
0.01973217
0.019727927
0.019511258
0.019496579
0.019471262
0.019463878
0.019444032
0.019397227
0.019357158
0.019271977
0.019122401
0.019091778
0.019069647
0.019039856
0.019004185
0.018990446
0.018948074
0.018922897
0.018869523
0.018824907
0.018780239
0.018718773
0.018699272
0.018690154
