1.3333333333333333
1.3333333333333333
1.4444444444444444
1.3333333333333333
1.3333333333333333
1.4444444444444444
1.6666666666666667
1.5555555555555556
1.1111111111111112
1.5555555555555556
1.0
1.7777777777777777
1.6666666666666667
1.6666666666666667
1.4444444444444444
1.6666666666666667
1.4444444444444444
1.2222222222222223
1.6666666666666667
1.4444444444444444
1.8888888888888888
1.1111111111111112
1.7777777777777777
1.4444444444444444
2.0
1.5555555555555556
1.2222222222222223
1.3333333333333333
1.1111111111111112
1.5555555555555556
1.7777777777777777
1.5555555555555556
1.3333333333333333
1.2222222222222223
1.2222222222222223
1.8888888888888888
1.3333333333333333
1.5555555555555556
1.6666666666666667
1.7777777777777777
1.4444444444444444
1.1111111111111112
1.7777777777777777
1.6666666666666667
1.5555555555555556
1.7777777777777777
1.8888888888888888
1.2222222222222223
1.1111111111111112
1.6666666666666667
