0.024351534
0.022615807
0.022259222
0.021963654
0.021811048
0.021738026
0.021665148
0.021373786
0.020708354
0.020571833
0.020459972
0.02037599
0.020180905
0.020060766
0.020024097
0.02000684
0.019993069
0.019960796
0.019910535
0.01988092
0.019792177
0.01978707
0.01975932
0.019757982
0.019742996
0.019679582
0.019663023
0.019609006
0.019551568
0.01953176
0.019462595
0.019439032
0.01943771
0.019398164
0.019387357
0.019291548
0.019250792
0.019220268
0.019199459
0.019151554
0.019102007
0.019070571
0.019064354
0.019046547
0.018967804
0.018956186
0.018949721
0.018948264
0.01893713
0.018932145
