0.02325827
0.02272842
0.022058606
0.021824518
0.021821959
0.021507815
0.021347666
0.020909868
0.020796167
0.020691095
0.020675473
0.020571765
0.02056573
0.020550607
0.020530924
0.02045844
0.020301389
0.020293504
0.02027405
0.020259287
0.020199906
0.020090302
0.019863524
0.019815464
0.019638581
0.019604167
0.01956018
0.01946352
0.019421374
0.019401256
0.01929257
0.019264286
0.019239273
0.01923753
0.019208334
0.019200427
0.019194135
0.019158684
0.019148212
0.019145194
0.019111665
0.019104512
0.019094609
0.019021593
0.019015815
0.01884863
0.018832238
0.01880359
0.018799905
0.018794946
