0.021694373
0.02107833
0.021076819
0.021070031
0.020868838
0.020852195
0.020761939
0.020566327
0.020544833
0.020501759
0.02044145
0.0204102
0.020316347
0.020263255
0.020197505
0.020090397
0.020068862
0.020045085
0.020012315
0.01995644
0.019929029
0.019928044
0.019889664
0.019882066
0.019861076
0.01982745
0.019820508
0.019726641
0.019724756
0.019716464
0.019716373
0.019710666
0.019683314
0.019681316
0.019668205
0.019631896
0.019631276
0.019625697
0.019609667
0.019586883
0.019585619
0.019505689
0.019479804
0.019472161
0.019402038
0.01939786
0.019395983
0.019381706
0.019368233
0.01934257
