0.037712675
0.034761764
0.026893267
0.022668576
0.022095561
0.021871315
0.021596119
0.021500142
0.021416139
0.021156305
0.020450214
0.020331645
0.020296587
0.020059876
0.019870233
0.019852296
0.019836769
0.019809686
0.019776477
0.019556155
0.019504752
0.019287217
0.019260777
0.019172994
0.019129071
0.019082094
0.019047003
0.018743662
0.018711675
0.018706486
0.01865997
0.018570665
0.018504728
0.018481968
0.018477283
0.018434975
0.017972816
0.01794128
0.01790435
0.017789619
0.01772499
0.017696416
0.017656175
0.017532151
0.017463908
0.01744227
0.017415376
0.017411148
0.01739894
0.017363377
