0.024636328
0.023898112
0.023863094
0.022730915
0.02178128
0.021678988
0.021526467
0.021125017
0.021060292
0.021033576
0.020878678
0.020863818
0.020806264
0.02072353
0.020471718
0.020403195
0.020251457
0.020084938
0.01998818
0.01988757
0.019855939
0.019818299
0.019712457
0.019644847
0.01963469
0.019613834
0.019511167
0.01950151
0.0194803
0.019467574
0.019436784
0.019418806
0.019181691
0.01917786
0.019162305
0.019153837
0.019149236
0.019063378
0.019020105
0.018832086
0.018751014
0.018672716
0.018486822
0.018480204
0.018412823
0.018384935
0.01838223
0.018340351
0.018296354
0.018262403
