0.02525585
0.0222604
0.022223795
0.022022573
0.021980036
0.021830484
0.021699369
0.021189056
0.020954557
0.020805651
0.02076117
0.020556744
0.020503504
0.020450866
0.020209406
0.020188319
0.020012546
0.019911226
0.019846924
0.019804485
0.019759769
0.019748937
0.01973709
0.019685714
0.019650763
0.019590031
0.019521073
0.019497192
0.019445252
0.019438643
0.019318704
0.019307895
0.019289432
0.01927769
0.019267987
0.019265227
0.019257147
0.019150345
0.019148754
0.019116601
0.019081358
0.019023128
0.019001767
0.01898245
0.01897402
0.018896831
0.01886597
0.0187737
0.018755598
0.018704029
