0.025769182
0.02348182
0.023419453
0.023127984
0.022528764
0.02241791
0.021913026
0.021621432
0.02139534
0.02132052
0.021160537
0.021018736
0.020792218
0.02079168
0.020683356
0.02056965
0.02047106
0.020444121
0.020234093
0.019999038
0.019916873
0.019860718
0.019816203
0.019793125
0.019687157
0.019628743
0.01957231
0.019518606
0.019312795
0.019310292
0.019296253
0.019162592
0.019036664
0.018831976
0.01868325
0.0186677
0.018658841
0.01861302
0.018514834
0.018483505
0.018382832
0.01836523
0.018339507
0.018326797
0.018325195
0.018229997
0.018180702
0.018134892
0.018097784
0.01809175
