0.02273222
0.022153614
0.022008236
0.021984933
0.021976994
0.021682976
0.02154258
0.021333098
0.020935073
0.02079326
0.02065625
0.02064051
0.020574965
0.02048451
0.020362057
0.020236041
0.020182544
0.020091306
0.019965375
0.019896474
0.019892296
0.019891163
0.01985242
0.01984622
0.019772483
0.01970054
0.019695519
0.019593483
0.019591851
0.019569755
0.019537125
0.019509872
0.019447448
0.01940819
0.019363306
0.019350683
0.019251788
0.019119391
0.019093936
0.019076146
0.019046517
0.019000858
0.018980468
0.018969605
0.01896429
0.018924257
0.018905912
0.01884501
0.0187868
0.018779665
