0.027349554
0.025032988
0.023289634
0.022804232
0.022499714
0.022222286
0.022185925
0.021769913
0.021725733
0.021674523
0.021242624
0.021049934
0.021001048
0.020924246
0.020895317
0.020881914
0.020877298
0.020761672
0.020735832
0.02063974
0.020387491
0.020116525
0.019728027
0.019691972
0.019660048
0.01923191
0.01895285
0.018912503
0.018872745
0.018774547
0.018719023
0.018708993
0.018688845
0.018619295
0.018566258
0.018563172
0.018554786
0.01840852
0.018378558
0.018340219
0.018339852
0.018262992
0.018212505
0.01814693
0.018087236
0.018020565
0.017995577
0.017859673
0.017824532
0.017809674
