0.021653937
0.021171896
0.021111934
0.021079129
0.020979071
0.020902844
0.020698698
0.020695351
0.020652356
0.020425035
0.020368008
0.020333365
0.020213215
0.020166751
0.020163083
0.020148987
0.020121
0.02007974
0.02002198
0.01996035
0.019943666
0.01990545
0.019887222
0.019887201
0.01988163
0.019850621
0.019813618
0.019804101
0.019795068
0.019733213
0.01968663
0.0196801
0.019679183
0.019659784
0.019653112
0.019601796
0.019597836
0.019580143
0.019550951
0.019548595
0.019544696
0.019541522
0.019526754
0.019485671
0.019477874
0.01941275
0.019373564
0.019348372
0.019301405
0.01930077
