0.03197277
0.026373181
0.026326125
0.025559064
0.024050217
0.022782976
0.021608295
0.021344295
0.021082524
0.02063466
0.020438986
0.020015115
0.019989401
0.019950707
0.01984393
0.019815361
0.019702034
0.019636773
0.019609164
0.019423783
0.019410478
0.019403692
0.019344317
0.01929717
0.019249592
0.019222992
0.019212991
0.019161448
0.019145502
0.019137599
0.019069042
0.018882334
0.018802002
0.018525954
0.018525278
0.018506346
0.018499194
0.018462569
0.018448973
0.018410603
0.018320167
0.018235492
0.018230258
0.018184178
0.01813032
0.018057555
0.01800444
0.018004112
0.017999046
0.017957043
