0.022670574
0.021258252
0.020977117
0.020779416
0.020716593
0.020593142
0.020591969
0.020533998
0.02051357
0.020458283
0.020452963
0.020326404
0.020269113
0.020246595
0.020171842
0.020087995
0.020068
0.02005838
0.020042889
0.02000917
0.019923203
0.019885134
0.01987538
0.019855527
0.019851891
0.019812807
0.019772977
0.019764215
0.01976381
0.019721545
0.019717777
0.019713338
0.019704187
0.019690532
0.01968491
0.019662706
0.019634483
0.019594463
0.019561818
0.019540193
0.019521825
0.019493774
0.019469675
0.019464819
0.019459719
0.01943657
0.019430354
0.019403359
0.019383753
0.019379038
