0.031075658
0.025842942
0.02481663
0.024182035
0.023716155
0.023702078
0.023652546
0.022666777
0.021195367
0.021100031
0.02071692
0.02056963
0.020563388
0.020556532
0.020507332
0.020347416
0.020139946
0.020061085
0.019976554
0.019748894
0.019618426
0.019596815
0.019577209
0.01946382
0.019104594
0.019093502
0.019011857
0.018926937
0.018895343
0.018713588
0.018669128
0.018642344
0.018563647
0.018560106
0.018433282
0.01831238
0.01830885
0.018298028
0.018294169
0.018163338
0.017960463
0.017955502
0.01792033
0.017863398
0.017841808
0.01783905
0.017831722
0.017825421
0.017821906
0.01775503
