0.03189674
0.030240487
0.026066827
0.025137877
0.024107004
0.02315293
0.022550726
0.022036577
0.021831065
0.021797443
0.02148913
0.021056524
0.02095682
0.020886684
0.020351438
0.020019738
0.019932533
0.019673994
0.019625707
0.019594634
0.01943326
0.01932153
0.019239832
0.019212913
0.018953167
0.01892324
0.01889761
0.018577235
0.01850319
0.018447071
0.018446865
0.018395035
0.01837242
0.018325785
0.018179255
0.018150486
0.01812166
0.018053839
0.018023387
0.018022522
0.01789068
0.017855817
0.017753743
0.0176017
0.017573396
0.017490905
0.017481947
0.01747401
0.01744345
0.0174292
