0.04151344
0.03587892
0.02842221
0.025609815
0.02284548
0.022824481
0.021692295
0.021501383
0.021417141
0.020913946
0.020771433
0.020168316
0.020083211
0.020041514
0.019791458
0.019628504
0.019600613
0.01953867
0.019538585
0.019370776
0.019235538
0.019173773
0.019132983
0.018983033
0.018946469
0.018776314
0.018604815
0.018560575
0.018517915
0.018473936
0.018463975
0.018353349
0.018281853
0.018075421
0.018043863
0.01799041
0.017951176
0.017941343
0.0177834
0.01760661
0.01759196
0.017499967
0.017418064
0.017221013
0.017166454
0.016888794
0.016754802
0.016703892
0.016466718
0.016239408
