0.026238004
0.025870154
0.02338638
0.02157858
0.021492928
0.021449018
0.021416258
0.021203253
0.02115626
0.02109958
0.021054199
0.020977184
0.020915806
0.020392777
0.020386029
0.020259185
0.02024995
0.019991724
0.019955726
0.019772777
0.01967037
0.019579249
0.019535946
0.019534841
0.01949102
0.019479768
0.019441005
0.019404236
0.019350404
0.019296458
0.019260377
0.01923576
0.019210842
0.019149764
0.019061213
0.019059958
0.01902363
0.01889811
0.018891267
0.01879869
0.01873717
0.018726874
0.018638248
0.018592348
0.018561484
0.018532362
0.018526465
0.018521355
0.018517556
0.018427515
