0.03115091
0.027823856
0.02576043
0.024041789
0.02310857
0.022393312
0.022030275
0.021223426
0.021141347
0.02082888
0.020650752
0.020600433
0.020485701
0.020170072
0.020097405
0.01970681
0.01970601
0.019654064
0.019618476
0.01958588
0.019521339
0.01937644
0.019298961
0.01924735
0.019239444
0.01917838
0.019009488
0.018990532
0.018859737
0.018804045
0.018736815
0.018733837
0.01869226
0.01863934
0.018625839
0.018605117
0.018550029
0.018521434
0.01850427
0.018465476
0.018457498
0.018382546
0.018358253
0.018356841
0.01829897
0.018218365
0.018191708
0.018188354
0.018181479
0.017987382
