0.033249382
0.027143931
0.02631736
0.025404334
0.024375018
0.02402086
0.02305878
0.023011358
0.02271572
0.02240742
0.02194199
0.02164666
0.021642135
0.02139558
0.021168744
0.020691827
0.02063429
0.020311669
0.019935094
0.019782642
0.019725712
0.019475635
0.019167015
0.01896196
0.018947795
0.018542254
0.018419918
0.018364217
0.018353784
0.01834171
0.018333863
0.018245948
0.01814904
0.017881056
0.017754529
0.017723892
0.017652828
0.017633628
0.017602473
0.017553484
0.017535988
0.017503293
0.017398303
0.01739279
0.017341629
0.017099928
0.017084723
0.017045913
0.016967548
0.01694436
