0.034785114
0.031056272
0.028743077
0.024679337
0.024152001
0.023692155
0.02349443
0.022610774
0.021928273
0.021587422
0.020995235
0.020632777
0.02051399
0.020240946
0.020155808
0.020057708
0.01995967
0.019832361
0.019812336
0.019133376
0.01909174
0.019060964
0.018949158
0.018926753
0.01891697
0.01887161
0.018632956
0.018446168
0.018389424
0.018374043
0.018237974
0.017962266
0.01795983
0.0179445
0.01792123
0.01790719
0.017872116
0.017858503
0.017737266
0.017694097
0.017673552
0.017649837
0.01758091
0.017579164
0.017559778
0.017478598
0.017452491
0.017414687
0.017401896
0.017391285
