0.025799355
0.025566278
0.025520612
0.024716621
0.02387266
0.022653032
0.022576684
0.022083847
0.02192178
0.021629835
0.02115491
0.021016497
0.021010175
0.020906134
0.020829987
0.020738784
0.020350406
0.020066118
0.020053515
0.019755257
0.019465856
0.019450322
0.019419909
0.019391712
0.01937136
0.019220853
0.01911522
0.019081501
0.018984307
0.018902157
0.018843977
0.018823126
0.0185773
0.018573916
0.018546589
0.018453998
0.018447949
0.01844672
0.01830653
0.01822377
0.018188115
0.018179115
0.018178327
0.018116789
0.018089242
0.017998705
0.01794884
0.017820593
0.017817717
0.017792938
