1.0
1.0
1.4285714285714286
1.0
2.142857142857143
1.0
2.857142857142857
3.4285714285714284
1.0
3.4285714285714284
3.142857142857143
3.4285714285714284
2.7142857142857144
3.2857142857142856
3.4285714285714284
3.142857142857143
3.142857142857143
1.0
1.4285714285714286
3.2857142857142856
3.142857142857143
2.7142857142857144
3.142857142857143
3.0
2.4285714285714284
2.0
2.0
3.4285714285714284
2.4285714285714284
2.2857142857142856
3.2857142857142856
3.142857142857143
3.2857142857142856
2.857142857142857
1.4285714285714286
3.4285714285714284
3.4285714285714284
3.0
1.8571428571428572
1.0
2.7142857142857144
2.857142857142857
3.2857142857142856
2.857142857142857
2.5714285714285716
1.0
3.4285714285714284
1.0
3.0
1.1428571428571428
