0.02423533
0.023668863
0.021660076
0.021643024
0.021503149
0.021268468
0.0211893
0.021172434
0.02116313
0.02100843
0.02077363
0.020734463
0.020594055
0.020564238
0.020559017
0.0204223
0.020387582
0.020324998
0.02012014
0.020114725
0.020042554
0.019969575
0.019964619
0.019698465
0.01962744
0.019608574
0.019595213
0.019468987
0.019411664
0.019399364
0.01939903
0.019349854
0.019255523
0.019253315
0.019225046
0.019096196
0.019068688
0.01898077
0.018978251
0.01897053
0.018943107
0.018934622
0.018908419
0.018893838
0.0188741
0.018827604
0.018802192
0.018792864
0.018779598
0.018772714
