0.026563559
0.026222574
0.024182014
0.023516817
0.022950985
0.022010187
0.021762663
0.021610012
0.021590889
0.021492157
0.021325262
0.021146206
0.02097956
0.020855702
0.020801893
0.02068461
0.020671526
0.020636255
0.020375287
0.020336194
0.020268891
0.019915631
0.019647928
0.019503757
0.019443043
0.019375924
0.019344201
0.019325078
0.019278787
0.019268198
0.018752337
0.018730866
0.018722009
0.018682653
0.018529952
0.018465564
0.018457774
0.018365413
0.018174829
0.018149853
0.018083852
0.018061621
0.01804342
0.01803988
0.018030938
0.01798756
0.01797983
0.017958239
0.017849905
0.017847642
