0.03147197
0.026083864
0.024112271
0.023191515
0.022930183
0.022218462
0.021842558
0.021630047
0.021305397
0.02128125
0.021023907
0.020831242
0.020698586
0.020604247
0.02050489
0.02003328
0.01991434
0.019823601
0.019694628
0.01964208
0.019625353
0.019517783
0.019504616
0.01934831
0.019213514
0.01918375
0.019154716
0.019144295
0.019108972
0.019095318
0.01905596
0.019033555
0.018978447
0.0189554
0.018910125
0.018677574
0.018660013
0.018501053
0.01847016
0.018419797
0.018387266
0.018384775
0.01831948
0.018179104
0.01809524
0.01794209
0.017889634
0.017806983
0.017800396
0.017798003
