0.032436192
0.026946109
0.02662454
0.026165115
0.025010316
0.024537623
0.02320969
0.022317039
0.02221638
0.021668011
0.021587975
0.021296578
0.021065213
0.020979196
0.020796504
0.020024283
0.019928379
0.01971176
0.019640338
0.019512603
0.019115886
0.019086158
0.019033972
0.018825963
0.018813599
0.018804222
0.018619688
0.018470041
0.018439109
0.018376911
0.01833244
0.018272324
0.018222142
0.018212045
0.018187692
0.01818134
0.01791156
0.01780015
0.017791461
0.017754596
0.017680041
0.017657993
0.017644424
0.017644027
0.017608175
0.017602807
0.017589087
0.01757009
0.017554857
0.017523391
