0.03453476
0.032292612
0.03072818
0.030247297
0.028984291
0.026993565
0.024690712
0.022325072
0.021621486
0.021058016
0.020379912
0.020146424
0.01997933
0.019922514
0.019677008
0.01924883
0.019210711
0.019206353
0.019096581
0.01903695
0.018934827
0.018684
0.018613353
0.018528244
0.018509792
0.018411526
0.018409615
0.01802443
0.017987888
0.017971804
0.017927995
0.017816799
0.017800614
0.017748868
0.017669508
0.017653616
0.017636748
0.01742643
0.01733641
0.017239684
0.017112935
0.017100565
0.017098889
0.01707112
0.017047105
0.017022004
0.017015433
0.016999148
0.016948652
0.016871452
