0.02797378
0.02682449
0.02517082
0.024517719
0.024488613
0.022786234
0.022481788
0.022045242
0.021618774
0.021563144
0.021425126
0.021298211
0.020870255
0.02064804
0.02054165
0.020278465
0.019857079
0.01979963
0.019714072
0.01957708
0.01942088
0.019408846
0.019150782
0.019131593
0.019108815
0.019105405
0.019098243
0.018993253
0.018983075
0.018948512
0.018924402
0.018892897
0.018827653
0.018749906
0.01871449
0.018338239
0.018303836
0.018247398
0.018227747
0.018213099
0.018121975
0.018098537
0.018078167
0.017996257
0.017969396
0.017931301
0.017907955
0.01790252
0.017879335
0.017845212
