0.0
0.14285714285714285
0.14285714285714285
0.14285714285714285
1.0
0.2857142857142857
0.14285714285714285
0.14285714285714285
0.14285714285714285
0.14285714285714285
0.2857142857142857
2.0
3.0
0.2857142857142857
0.14285714285714285
0.2857142857142857
2.0
0.14285714285714285
0.42857142857142855
1.0
0.2857142857142857
0.14285714285714285
0.14285714285714285
0.14285714285714285
0.14285714285714285
3.4285714285714284
0.14285714285714285
0.2857142857142857
0.14285714285714285
1.8571428571428572
3.0
0.14285714285714285
3.0
0.14285714285714285
2.0
3.0
3.0
0.14285714285714285
3.0
3.142857142857143
3.2857142857142856
1.7142857142857142
1.1428571428571428
3.0
1.8571428571428572
3.7142857142857144
2.0
0.14285714285714285
3.2857142857142856
3.4285714285714284
