0.027174234
0.026693504
0.022993293
0.022399576
0.022394195
0.022216735
0.02206961
0.02199275
0.021937486
0.02120984
0.021169588
0.02111924
0.020477302
0.020464987
0.020231666
0.020221462
0.020046363
0.01997666
0.019936655
0.019788269
0.01977805
0.019715838
0.01952713
0.019509016
0.019483157
0.01946491
0.019426856
0.01921943
0.019211873
0.019035935
0.018996201
0.018962301
0.018953871
0.018905377
0.018893102
0.018835263
0.018717235
0.018696897
0.018629953
0.01858403
0.018552324
0.018461255
0.018434405
0.018348811
0.01834474
0.018331066
0.01818352
0.018126624
0.018091856
0.018065602
