0.026558416
0.022839118
0.02271523
0.022468776
0.02184892
0.02137872
0.021062206
0.020585243
0.020445943
0.020413136
0.02010742
0.020018585
0.019992786
0.01996323
0.019936722
0.01989578
0.019885898
0.019862749
0.019842276
0.019834554
0.019794183
0.019771468
0.019768056
0.019754976
0.019747661
0.019699667
0.01969721
0.019661266
0.019481426
0.019473433
0.019464288
0.019457757
0.019387597
0.019296112
0.019249404
0.019235553
0.01921932
0.019160159
0.019152453
0.019138895
0.019136198
0.0191344
0.019122431
0.019107569
0.019097028
0.019077266
0.019066373
0.01901826
0.019002235
0.018971602
