0.032357555
0.026366632
0.025337724
0.024388855
0.023895165
0.023385266
0.023260482
0.022350257
0.021369271
0.0211526
0.020693166
0.02046879
0.020244783
0.02015478
0.020052698
0.019818572
0.019759333
0.019498486
0.019470153
0.019446207
0.019430917
0.01925306
0.019213216
0.019191511
0.019136325
0.01904305
0.019014908
0.018968403
0.018868783
0.01882655
0.018745266
0.018617494
0.018592969
0.018588794
0.018527286
0.018503973
0.018417997
0.018412033
0.018346548
0.0183128
0.018302822
0.018257864
0.018203301
0.0181566
0.018056953
0.018040622
0.017990163
0.017873578
0.01781791
0.017817503
