0.022496913
0.022269156
0.02154677
0.021342734
0.02106309
0.02098968
0.02092727
0.020920658
0.020665005
0.020638447
0.02060573
0.020419322
0.02031151
0.020303618
0.020230198
0.020144315
0.02010533
0.020025901
0.019960426
0.019927753
0.01990396
0.01984124
0.019840075
0.019814612
0.019812956
0.019778104
0.019742584
0.01969002
0.019607209
0.01955064
0.019544864
0.01953122
0.01951099
0.019509485
0.019495329
0.01945461
0.019431842
0.019418431
0.019416953
0.019381635
0.019355575
0.01935464
0.019344792
0.019310124
0.019293321
0.019264076
0.019263187
0.019235838
0.019205598
0.019202236
