0.025436306
0.025181489
0.023722546
0.022922495
0.022866407
0.02222708
0.021841493
0.021759106
0.021495935
0.02140232
0.021341067
0.021022609
0.020812804
0.020191643
0.020088432
0.019948762
0.019830935
0.019736776
0.019668313
0.0196128
0.019597597
0.019584317
0.01948706
0.019479822
0.019476866
0.019469466
0.019413643
0.019265646
0.019120594
0.01905852
0.019058356
0.019052446
0.019045789
0.01903323
0.018973704
0.018953236
0.018865503
0.018850185
0.018802641
0.018783996
0.018715251
0.018698612
0.018633151
0.018595282
0.018538717
0.018512523
0.018502433
0.018452635
0.018445933
0.018423425
