0.032274466
0.028198237
0.027042434
0.026040668
0.023056773
0.022816356
0.022596989
0.02248792
0.022406336
0.022358816
0.02190878
0.021411804
0.021380795
0.021224627
0.020808605
0.020758979
0.02059038
0.020580854
0.02045119
0.020351563
0.020277992
0.01950446
0.01941185
0.019284165
0.019137947
0.019123789
0.019117381
0.019062167
0.018748958
0.018708313
0.018687015
0.018508157
0.018419776
0.018002417
0.01787016
0.017719872
0.017676068
0.017495431
0.017471712
0.017387576
0.017352724
0.017271398
0.017246384
0.017003203
0.016962476
0.01694037
0.01681883
0.016794853
0.016642345
0.016605612
