0.021570731
0.021419926
0.021331402
0.02075967
0.02054522
0.020529322
0.020509522
0.020447552
0.020233404
0.020218462
0.020213846
0.020205315
0.020180576
0.020178283
0.02015911
0.0201399
0.020139365
0.020060122
0.020036286
0.02001686
0.019994976
0.019928802
0.01991629
0.0198875
0.019883582
0.01987785
0.019862149
0.01981171
0.019808961
0.019744378
0.019733675
0.019699778
0.019682417
0.019667638
0.019664498
0.019655965
0.01965114
0.019651007
0.019647337
0.01963965
0.019637356
0.019629339
0.019620039
0.019612111
0.019586058
0.019558348
0.019555092
0.019512638
0.019494802
0.019490048
