0.031128738
0.02945257
0.026190449
0.025645602
0.024883818
0.024425624
0.023793995
0.023407752
0.022149174
0.021593451
0.02125667
0.021015476
0.020790385
0.02075101
0.020465177
0.02004678
0.019997297
0.019925248
0.019900378
0.01982889
0.019710764
0.019309651
0.019301977
0.018985089
0.018983494
0.0189771
0.018937591
0.018773705
0.018615462
0.018317146
0.018238392
0.018073736
0.018042114
0.017992545
0.017953238
0.01793706
0.017876944
0.017866943
0.017822031
0.017724723
0.017723849
0.01771932
0.017582158
0.01753065
0.017448183
0.017418668
0.017262556
0.017157104
0.017038647
0.017030606
