0.028948285
0.026737897
0.026456073
0.025459396
0.024801474
0.023492673
0.02344703
0.023221381
0.022520283
0.022054303
0.021142893
0.021028345
0.02072715
0.020513937
0.020165734
0.019988112
0.019949162
0.019600546
0.019564746
0.019370936
0.019285541
0.019169431
0.019059282
0.019057274
0.019040816
0.01898149
0.018834056
0.018672854
0.018645879
0.018641265
0.018541353
0.018494174
0.018388111
0.018367618
0.01833843
0.018334502
0.018324643
0.018153269
0.018077372
0.01804221
0.017980315
0.017945938
0.017920382
0.017914094
0.017860558
0.01777356
0.017756738
0.017754039
0.01772723
0.01772715
