0.029077789
0.023816096
0.023060745
0.022861326
0.022856472
0.022580586
0.021897381
0.021768376
0.021700615
0.021436015
0.021319639
0.021006772
0.020989368
0.0208746
0.020732291
0.02051951
0.020370394
0.020335747
0.020303713
0.020270638
0.020108107
0.020011146
0.019968783
0.019645592
0.019635882
0.019612413
0.019540375
0.019506296
0.019392896
0.019181047
0.019088179
0.018957213
0.018743947
0.018457811
0.018376568
0.018365268
0.018321259
0.018312393
0.018300124
0.01826744
0.01822263
0.018199153
0.018165423
0.01810305
0.018067727
0.017999152
0.01798465
0.01795307
0.017905563
0.017828766
