0.033209514
0.025852298
0.024309706
0.02417113
0.023668036
0.023318337
0.021925231
0.021871269
0.021785129
0.021451758
0.021274474
0.020552495
0.020389142
0.020294974
0.020229055
0.020195736
0.019879702
0.019310623
0.019244744
0.019240322
0.019129157
0.019082759
0.019036204
0.018896343
0.018792927
0.018785452
0.018769559
0.01874407
0.018732572
0.01873
0.018713888
0.018712923
0.018664753
0.018634746
0.018595029
0.018547574
0.01849355
0.018467853
0.018447896
0.018421726
0.01841363
0.01840147
0.018384842
0.018379992
0.018350385
0.018323373
0.018317109
0.018294249
0.018291302
0.018270997
