0.02802125
0.026674202
0.025072854
0.024838863
0.02460846
0.023904802
0.023015918
0.02239109
0.022108346
0.02169799
0.021482095
0.020758793
0.020573875
0.020447088
0.020418165
0.020216107
0.02000113
0.019779917
0.019469466
0.019452507
0.019446595
0.0194157
0.019410193
0.019285053
0.019111017
0.019036727
0.018999647
0.01877525
0.018734835
0.01867331
0.018613026
0.018602716
0.01854449
0.018479943
0.018409967
0.018394377
0.01836968
0.01835846
0.018326797
0.018122049
0.01811754
0.01811662
0.018073536
0.018013027
0.017996358
0.017992664
0.017975388
0.01793685
0.017874042
0.017861268
