0.032207586
0.026057797
0.025196416
0.023371445
0.022768894
0.022170687
0.021829493
0.021582382
0.021027705
0.020845905
0.020600526
0.020410657
0.020332936
0.020314893
0.020236772
0.020017736
0.019845935
0.019751206
0.019467851
0.01940082
0.019329093
0.019263834
0.019234343
0.019217448
0.01917513
0.01909783
0.018953895
0.018927552
0.018761616
0.018747007
0.018732693
0.01872189
0.01871486
0.018706068
0.018703403
0.01866447
0.018659161
0.018656364
0.018653596
0.01864913
0.018632988
0.018626256
0.018619087
0.018586436
0.018531635
0.018486205
0.018404704
0.01837335
0.018367395
0.018364865
