0.032845475
0.029048523
0.027278895
0.024054334
0.02358316
0.022642119
0.022597348
0.021349376
0.020820472
0.020727817
0.020439008
0.020315759
0.020226376
0.02004273
0.01993375
0.019849913
0.019739402
0.019678948
0.01962536
0.019608613
0.01958957
0.019545881
0.01933776
0.019324746
0.01930744
0.019173177
0.019124374
0.019119082
0.019031644
0.019020936
0.018926095
0.01874668
0.018723302
0.018680867
0.018593196
0.018591864
0.018576603
0.018354494
0.018207628
0.018092105
0.018058222
0.018047709
0.017912274
0.017886395
0.017841022
0.017763585
0.017749554
0.017530601
0.017384307
0.017351467
