0.029093234
0.023719367
0.023633575
0.023617074
0.023211895
0.021645699
0.021271078
0.021179365
0.021061808
0.020760253
0.0206603
0.020457996
0.020354168
0.020323075
0.020304363
0.02028239
0.02026569
0.020061603
0.019903708
0.01986197
0.019656634
0.019649515
0.01950014
0.019496992
0.019476615
0.01937052
0.019357342
0.019314758
0.019261448
0.01915685
0.019100465
0.019076373
0.018954149
0.018889526
0.01887071
0.018802378
0.018781109
0.01877287
0.018769331
0.01875387
0.018676398
0.0186587
0.018570436
0.018543813
0.018539049
0.018512135
0.018504785
0.01845725
0.018457098
0.018400116
