0.028715635
0.026596233
0.026216479
0.024988582
0.023719745
0.022723794
0.022426024
0.022400472
0.02207731
0.02160765
0.021438735
0.021418165
0.021355804
0.020767363
0.020737782
0.020654108
0.020554
0.020495452
0.020436233
0.020028483
0.01982118
0.019693078
0.01961009
0.019392107
0.019360477
0.018949408
0.018868063
0.018782174
0.018770069
0.018677272
0.018668937
0.018662453
0.018649982
0.018649273
0.018611666
0.018534714
0.018043315
0.01799467
0.017878361
0.017877625
0.017776411
0.017614067
0.01758925
0.017586961
0.017584603
0.017557446
0.017438086
0.017398983
0.017367648
0.017233642
