0.023152022
0.023033196
0.022501158
0.022173952
0.02160754
0.021428067
0.021371959
0.021136545
0.021132706
0.021020593
0.020847116
0.020773292
0.02060615
0.020506606
0.020492774
0.020309737
0.020244854
0.020142088
0.020137096
0.01995427
0.019856561
0.01982271
0.019782502
0.01962549
0.019621754
0.019613862
0.019509053
0.01948215
0.019399544
0.019399205
0.01936541
0.019363498
0.019349724
0.019267377
0.01925266
0.019252315
0.019229151
0.019125853
0.019036468
0.019027788
0.019023608
0.019017402
0.018967113
0.01895482
0.018887209
0.01888556
0.018862015
0.018825773
0.01881952
0.018802214
