0.022229282
0.02126834
0.021259796
0.021136029
0.020888163
0.020884985
0.02081155
0.020725409
0.020718174
0.02060814
0.020566206
0.020429382
0.020407513
0.020403033
0.020376638
0.020345483
0.020319216
0.020295884
0.020265851
0.020243768
0.020203453
0.020036537
0.020001618
0.019912314
0.019878658
0.019852746
0.019775534
0.019719644
0.019701911
0.019663382
0.01956727
0.01953177
0.019530008
0.019527787
0.019516606
0.019513946
0.01948071
0.019480152
0.019473717
0.01947124
0.01945056
0.019416794
0.019298254
0.01926655
0.019251676
0.019133119
0.019131117
0.01901525
0.019014264
0.019000558
