0.026411451
0.025297973
0.023655623
0.022262426
0.022146652
0.022053156
0.021924086
0.02182348
0.021556322
0.021126863
0.021088539
0.021064537
0.02085038
0.020729845
0.020636326
0.020608433
0.020488774
0.020467145
0.020372177
0.020119276
0.020104418
0.020044126
0.02000534
0.019770447
0.019741774
0.019696841
0.01939041
0.019120755
0.019039167
0.019030869
0.019019682
0.01891426
0.018908111
0.018776229
0.018595748
0.018519595
0.018503077
0.018475728
0.01844676
0.018399583
0.01839073
0.01836529
0.018325163
0.018316511
0.018309887
0.01829298
0.018277217
0.018264903
0.01817967
0.018091336
