0.0
0.14285714285714285
0.14285714285714285
0.14285714285714285
0.2857142857142857
2.857142857142857
0.14285714285714285
0.14285714285714285
1.0
0.14285714285714285
0.2857142857142857
0.2857142857142857
0.14285714285714285
0.2857142857142857
0.2857142857142857
0.2857142857142857
2.7142857142857144
2.5714285714285716
2.857142857142857
2.0
2.4285714285714284
0.14285714285714285
0.14285714285714285
1.1428571428571428
2.2857142857142856
0.2857142857142857
0.14285714285714285
0.14285714285714285
2.142857142857143
2.142857142857143
0.14285714285714285
0.2857142857142857
0.42857142857142855
0.14285714285714285
0.2857142857142857
2.5714285714285716
0.2857142857142857
0.2857142857142857
2.0
0.14285714285714285
0.14285714285714285
0.14285714285714285
0.2857142857142857
0.2857142857142857
0.2857142857142857
2.7142857142857144
1.8571428571428572
2.857142857142857
2.857142857142857
2.857142857142857
