0.02948546
0.025265332
0.0248455
0.024694588
0.023315376
0.022816304
0.022160454
0.021887127
0.021780582
0.021318989
0.021141415
0.020989338
0.02089146
0.020890769
0.020842928
0.020739645
0.020732542
0.020387782
0.020370588
0.020290501
0.020144166
0.019844158
0.0197969
0.019534938
0.019515356
0.019387076
0.01915549
0.01911434
0.019022424
0.018996615
0.018934859
0.018885184
0.018547205
0.018420605
0.018352
0.01827515
0.018192027
0.01814145
0.018026756
0.0180126
0.01800412
0.017914278
0.017909162
0.017890709
0.01776201
0.017742643
0.01764539
0.017394012
0.017299512
0.017292256
