0.027765548
0.026991107
0.025442084
0.023588046
0.02281838
0.02281035
0.02200973
0.02166799
0.021354362
0.021198642
0.020882636
0.0207016
0.020602852
0.020496052
0.02047552
0.0203858
0.020256482
0.02022572
0.020079691
0.020067537
0.019962393
0.019731503
0.019439993
0.019256167
0.01907075
0.018980507
0.018953389
0.018942133
0.018904973
0.018894438
0.018848168
0.018810332
0.018769085
0.018727032
0.018715639
0.018712254
0.018659372
0.018654015
0.018612918
0.018549995
0.01849601
0.018394187
0.018323386
0.018098816
0.018056057
0.018054495
0.018033396
0.018025123
0.0179016
0.017601784
