0.0
0.1111111111111111
0.1111111111111111
0.1111111111111111
0.1111111111111111
0.1111111111111111
1.0
0.2222222222222222
0.2222222222222222
0.2222222222222222
0.2222222222222222
2.0
0.1111111111111111
2.7777777777777777
0.2222222222222222
0.1111111111111111
0.1111111111111111
1.1111111111111112
0.1111111111111111
0.2222222222222222
2.5555555555555554
0.2222222222222222
0.1111111111111111
2.5555555555555554
0.1111111111111111
1.0
0.1111111111111111
2.7777777777777777
1.5555555555555556
2.0
1.1111111111111112
0.1111111111111111
2.111111111111111
0.1111111111111111
2.5555555555555554
0.7777777777777778
1.1111111111111112
0.1111111111111111
1.5555555555555556
0.2222222222222222
2.7777777777777777
2.2222222222222223
0.1111111111111111
0.1111111111111111
0.3333333333333333
2.6666666666666665
0.2222222222222222
0.1111111111111111
2.111111111111111
2.2222222222222223
