0.02391927
0.023569342
0.021625048
0.021506509
0.020979596
0.020947287
0.020903936
0.020873403
0.02085826
0.020828834
0.020757439
0.020383442
0.020086119
0.020083906
0.020012803
0.019938203
0.019865356
0.019859053
0.01978966
0.01978439
0.019658763
0.019642819
0.019641185
0.019613044
0.01958849
0.019560346
0.019544356
0.019536065
0.019507987
0.019448774
0.01944385
0.019430665
0.019427042
0.019417895
0.01941153
0.019405676
0.019400617
0.01939782
0.019385556
0.019382497
0.019381834
0.019368432
0.019365536
0.019362396
0.019359943
0.019359816
0.019355329
0.01935067
0.019344337
0.019334832
