0.02348602
0.022051519
0.022043288
0.02186791
0.021849383
0.021843674
0.02148649
0.021455674
0.021068783
0.021059306
0.020971876
0.020865219
0.020847615
0.020650718
0.02037793
0.020374844
0.020339798
0.02020516
0.020146977
0.020140026
0.02011306
0.02001236
0.01999406
0.019789213
0.01978684
0.019681418
0.01954041
0.01948221
0.01944259
0.019438662
0.019369964
0.019311247
0.019303145
0.019297108
0.019244898
0.019228972
0.01918402
0.01918054
0.01898552
0.018962786
0.018948264
0.018898482
0.018867757
0.018838232
0.018829482
0.018767988
0.018711125
0.018647762
0.018560749
0.018448852
