0.02839835
0.026715443
0.023080202
0.022279732
0.022246234
0.021779623
0.021746773
0.021543553
0.021008803
0.020776121
0.020697761
0.020403115
0.020395847
0.020327214
0.02030309
0.020219369
0.020206342
0.020161163
0.020099862
0.019613286
0.019596707
0.019529646
0.01940633
0.019394958
0.019385077
0.019375153
0.019343443
0.019264018
0.019260487
0.018983113
0.018960811
0.018907549
0.01888717
0.018880948
0.018875435
0.018870274
0.01886002
0.01882464
0.018807672
0.018791953
0.018756308
0.018741773
0.018734971
0.018683406
0.018669445
0.01849608
0.01846263
0.018450953
0.018403023
0.018394055
