0.022577563
0.021852463
0.02141208
0.021092102
0.020968156
0.020935139
0.020892562
0.020820057
0.020802032
0.020679854
0.020628734
0.020621631
0.020475438
0.020318527
0.020266421
0.020259017
0.020144535
0.020089151
0.020081041
0.020066286
0.019990917
0.019956825
0.019953955
0.019867895
0.019837923
0.019822938
0.019738166
0.019651756
0.01964079
0.019634511
0.01961218
0.019605875
0.019595321
0.019574754
0.019557143
0.019516144
0.019513918
0.019508287
0.01948299
0.019459162
0.019356081
0.019297913
0.01921803
0.01919194
0.01914929
0.019112064
0.019091189
0.019064642
0.019032162
0.018982453
