0.7142857142857143
1.4285714285714286
0.7142857142857143
0.7142857142857143
0.7142857142857143
1.2857142857142858
3.142857142857143
2.7142857142857144
3.0
3.142857142857143
1.2857142857142858
3.0
3.4285714285714284
2.7142857142857144
1.1428571428571428
2.2857142857142856
3.4285714285714284
1.5714285714285714
1.2857142857142858
1.5714285714285714
1.2857142857142858
0.7142857142857143
3.142857142857143
2.2857142857142856
2.4285714285714284
0.7142857142857143
0.8571428571428571
2.0
2.2857142857142856
1.8571428571428572
1.4285714285714286
1.0
1.4285714285714286
1.4285714285714286
1.1428571428571428
2.2857142857142856
1.4285714285714286
1.4285714285714286
1.2857142857142858
1.1428571428571428
2.2857142857142856
1.4285714285714286
1.4285714285714286
1.4285714285714286
2.5714285714285716
1.4285714285714286
1.4285714285714286
1.0
3.0
2.2857142857142856
