0.023649117
0.022941979
0.02283305
0.02232811
0.021917034
0.021651903
0.021509219
0.020677334
0.020656697
0.020428643
0.020302283
0.020255528
0.020249644
0.020237101
0.02023546
0.020129379
0.02010592
0.020038001
0.019992346
0.01991558
0.019904045
0.019883903
0.019841608
0.019802528
0.01977075
0.019758383
0.019730903
0.01963103
0.019575475
0.019487502
0.019453518
0.019436806
0.01937902
0.019281663
0.01928001
0.01926412
0.019197494
0.019171769
0.019171078
0.019154295
0.019118328
0.019065026
0.01905687
0.019001033
0.018970922
0.018969543
0.01894533
0.01888876
0.018878754
0.018875265
