0.027756277
0.027721466
0.026038632
0.022667458
0.021860627
0.021804502
0.021352198
0.02092115
0.020790342
0.020754173
0.020718958
0.020551356
0.020475004
0.020317422
0.020168977
0.020120561
0.020112514
0.019896124
0.01971749
0.019671757
0.019598886
0.019544762
0.01948951
0.019380841
0.019353587
0.019317241
0.019303354
0.019229207
0.019184476
0.019100338
0.01908848
0.01895641
0.018829448
0.018799318
0.018769074
0.018753272
0.018746562
0.018733768
0.018672911
0.01860861
0.018590609
0.018535519
0.01851744
0.018515099
0.018512674
0.018506708
0.018489847
0.018488696
0.018487189
0.018479146
