0.025407184
0.024882035
0.024844792
0.021984985
0.021528104
0.021485941
0.020654788
0.020579439
0.020512927
0.020329999
0.020257149
0.020220704
0.020128
0.020073539
0.02001148
0.019988708
0.019964911
0.01994325
0.019858347
0.01982719
0.019737994
0.019658552
0.019651141
0.019638872
0.019637588
0.019618314
0.019587226
0.019571573
0.019538123
0.019522296
0.019511111
0.019477813
0.019446004
0.01940851
0.01931377
0.01928748
0.019278498
0.019179692
0.019061768
0.01904759
0.018936098
0.018927392
0.01890582
0.018873686
0.018856214
0.01885031
0.018806906
0.018775212
0.018741881
0.018669115
