0.024215814
0.023644531
0.02331725
0.023268154
0.02292968
0.02250647
0.0219055
0.021590983
0.021379394
0.021018868
0.02097648
0.02069256
0.020565402
0.02052693
0.020397412
0.02031281
0.020173503
0.020072807
0.01991326
0.019893061
0.019892538
0.019819751
0.01981853
0.019693468
0.019677738
0.019548818
0.019492919
0.019431265
0.019427782
0.019130494
0.01911702
0.019032344
0.019005267
0.018935759
0.018924236
0.018887235
0.018872079
0.018820968
0.01880913
0.018782025
0.018750042
0.01872936
0.018702779
0.018633552
0.0186047
0.018536877
0.018526373
0.018424481
0.018337896
0.01833362
