0.025341174
0.025011202
0.024212506
0.024012024
0.02344328
0.023318723
0.022482771
0.022159388
0.021798614
0.021545941
0.021030463
0.020865874
0.020700581
0.02068619
0.020658849
0.02058242
0.020566404
0.02029635
0.020098576
0.020048553
0.01970302
0.019493887
0.019490266
0.019449653
0.019229807
0.01922653
0.019218879
0.019141784
0.019139076
0.01899636
0.018936027
0.018875234
0.018766856
0.018761324
0.018657682
0.018607205
0.018597795
0.018566765
0.01850771
0.018326854
0.01831424
0.018288258
0.018221077
0.018215014
0.018182306
0.018154511
0.018101288
0.018030966
0.018018829
0.017920936
