0.038308255
0.033572935
0.028060377
0.027635358
0.025391359
0.025075892
0.024447287
0.02424522
0.024024887
0.023616018
0.023389088
0.022920555
0.021804176
0.021517068
0.020861346
0.020679878
0.020103449
0.019802384
0.019575063
0.019208945
0.019085253
0.019045802
0.018688906
0.018569972
0.018231219
0.01817094
0.018035714
0.01789368
0.017886532
0.017649828
0.017576631
0.01727106
0.017210945
0.01714647
0.01706466
0.017044062
0.01704058
0.016916772
0.01671862
0.016706146
0.016662685
0.016573165
0.016377764
0.016239977
0.01616894
0.016156407
0.016109051
0.016034856
0.015765306
0.015718475
