0.022907875
0.022308491
0.022145474
0.021340596
0.021258803
0.021241793
0.021225305
0.021211479
0.020944646
0.020930981
0.020905852
0.020822644
0.020785665
0.020503426
0.02046885
0.020184446
0.020181177
0.02015012
0.019995911
0.01998665
0.019922433
0.01978666
0.019772826
0.019678634
0.019660389
0.019655973
0.01963823
0.019565487
0.019564904
0.019557802
0.019538116
0.019513063
0.019510247
0.019464117
0.019392341
0.019378146
0.01933872
0.019274332
0.019199815
0.019179786
0.019176405
0.019156225
0.019132622
0.01908093
0.019012308
0.018994903
0.018947912
0.018845892
0.018782044
0.018778581
