1.3636363636363635
2.6363636363636362
1.0
1.0
1.0
1.2727272727272727
1.0
1.0
1.0
1.0
2.5454545454545454
1.3636363636363635
1.1818181818181819
1.3636363636363635
1.0
1.3636363636363635
1.3636363636363635
1.3636363636363635
1.3636363636363635
1.3636363636363635
1.3636363636363635
2.4545454545454546
1.3636363636363635
1.3636363636363635
1.3636363636363635
1.3636363636363635
1.0
1.3636363636363635
1.0
1.3636363636363635
1.0
1.0909090909090908
1.0
2.3636363636363638
1.3636363636363635
1.0
1.0
1.3636363636363635
1.3636363636363635
1.3636363636363635
1.0
1.3636363636363635
1.3636363636363635
1.0
1.0
1.3636363636363635
1.3636363636363635
1.0
1.3636363636363635
1.0
