0.23076923076923078
0.23076923076923078
0.23076923076923078
0.23076923076923078
0.15384615384615385
0.15384615384615385
0.5384615384615384
0.3076923076923077
0.3076923076923077
0.5384615384615384
0.6923076923076923
0.3076923076923077
0.6923076923076923
0.46153846153846156
0.46153846153846156
0.6153846153846154
0.5384615384615384
0.6153846153846154
0.6153846153846154
0.5384615384615384
0.5384615384615384
0.46153846153846156
0.5384615384615384
0.5384615384615384
0.46153846153846156
0.46153846153846156
0.5384615384615384
0.5384615384615384
0.6923076923076923
0.6923076923076923
0.46153846153846156
0.5384615384615384
0.7692307692307693
0.46153846153846156
0.46153846153846156
0.5384615384615384
0.46153846153846156
0.46153846153846156
0.6153846153846154
0.6153846153846154
0.6153846153846154
0.6153846153846154
0.5384615384615384
0.46153846153846156
0.5384615384615384
0.7692307692307693
0.7692307692307693
0.5384615384615384
0.5384615384615384
0.6153846153846154
