0.024339793
0.024047254
0.022682972
0.0220675
0.021850163
0.021460243
0.021368532
0.021290315
0.021187212
0.021149293
0.021131672
0.02107995
0.020963797
0.02077333
0.020732366
0.020712791
0.02070798
0.020644162
0.020475287
0.020365385
0.020302158
0.020251757
0.020187238
0.019976392
0.019829864
0.019721778
0.01961297
0.01957743
0.019502206
0.019350452
0.019325491
0.019318845
0.019277241
0.019253895
0.019057164
0.019002808
0.018971378
0.018848002
0.018847222
0.018786423
0.018723922
0.018691318
0.018498477
0.018251864
0.018248886
0.018174892
0.018003864
0.017950518
0.01776145
0.017664162
