0.026353717
0.0249729
0.02471677
0.024683798
0.024468075
0.024115633
0.02275458
0.021622762
0.021378256
0.02130815
0.020701557
0.020597085
0.020345477
0.020295322
0.020073283
0.019977493
0.019941026
0.019815078
0.019797342
0.019703096
0.019698527
0.019607171
0.019508844
0.019502591
0.01946867
0.019382432
0.01933271
0.019329993
0.019107044
0.018877061
0.018861834
0.018747099
0.018718883
0.018681187
0.018606167
0.018598454
0.018567426
0.01856408
0.01854284
0.01853983
0.018419012
0.018409887
0.018242264
0.01822549
0.018217927
0.018216385
0.018157007
0.018111123
0.018098697
0.018037926
