0.028978141
0.026952662
0.025587788
0.024953272
0.023197697
0.022171924
0.021941554
0.021683708
0.02166452
0.021653634
0.021617446
0.021572351
0.020853072
0.020690516
0.02067425
0.020320784
0.020250462
0.020102305
0.019994013
0.019853506
0.01969819
0.019679213
0.019430349
0.019415664
0.019412514
0.019278502
0.019167937
0.019160703
0.018792462
0.018772228
0.01873439
0.01869289
0.018669538
0.01865739
0.018580643
0.018364307
0.018352909
0.018347936
0.018088276
0.018073274
0.018072555
0.018032541
0.01798269
0.01797935
0.01789031
0.017661382
0.017646166
0.017571926
0.017561685
0.017518466
