0.03205718
0.02349111
0.021867376
0.021595962
0.021380067
0.021270772
0.021175744
0.02092214
0.020823797
0.020803083
0.020744305
0.020659909
0.020428266
0.020427896
0.020124609
0.019861443
0.019850552
0.019764874
0.019612903
0.01953508
0.019528762
0.019325666
0.019281898
0.019275308
0.019259913
0.019259827
0.01923692
0.019234344
0.019201303
0.019199455
0.019187042
0.019182933
0.019156467
0.019143408
0.019110888
0.019098068
0.019097628
0.01907229
0.019048255
0.019032802
0.019018643
0.019000726
0.018992491
0.018977558
0.018965106
0.018955594
0.018947333
0.01894578
0.018933972
0.0189326
