0.02093719
0.020690022
0.020618422
0.02061762
0.020365544
0.020320222
0.020319564
0.020300929
0.02025713
0.02025685
0.020255793
0.02020649
0.02019046
0.020182347
0.020152833
0.020111449
0.020101225
0.02009224
0.020086914
0.020053437
0.020029595
0.020023856
0.020021731
0.020008165
0.019988507
0.019959623
0.019953955
0.019951848
0.019919047
0.019889073
0.01986586
0.019863509
0.019858243
0.019810976
0.019810952
0.01978169
0.019766862
0.0197599
0.019729901
0.019719979
0.01970179
0.019667542
0.0196598
0.019624203
0.019615786
0.01960945
0.019596191
0.019579958
0.019568605
0.019546654
