0.031891692
0.027079524
0.02635828
0.026119746
0.02473322
0.024366124
0.024144672
0.024031203
0.02211036
0.021835826
0.021547003
0.021198852
0.021165023
0.021016479
0.020816365
0.020793669
0.020149307
0.019967444
0.019820064
0.019649386
0.019527435
0.019434147
0.01919196
0.018933726
0.018629916
0.018611789
0.01850822
0.018483238
0.018470215
0.01831603
0.01810495
0.018073283
0.01794162
0.017898504
0.017860902
0.017815543
0.01780139
0.017766023
0.017721776
0.01770535
0.017672705
0.01764568
0.017528746
0.017526004
0.017463401
0.01737785
0.017312389
0.017310934
0.017302176
0.017269786
