0.023513306
0.022640027
0.022022946
0.021349164
0.021087954
0.020744007
0.02047404
0.020439234
0.020433012
0.020362949
0.020220341
0.020075599
0.020032791
0.020009767
0.019971196
0.019897839
0.019879498
0.019870467
0.019852232
0.019849353
0.01983732
0.019819662
0.019809222
0.01980297
0.019787686
0.019777384
0.019688021
0.019683402
0.019674737
0.019646253
0.01959576
0.019592104
0.019584177
0.019582022
0.019581914
0.01956579
0.019538453
0.0195273
0.019490462
0.019474667
0.019450007
0.019447139
0.019434271
0.019430593
0.019425588
0.019423272
0.019414581
0.019411845
0.019409863
0.01936773
