0.027423803
0.026484162
0.025506003
0.025501486
0.024686966
0.024379838
0.02228106
0.022202201
0.021832528
0.021741133
0.021539968
0.02144594
0.020912867
0.02011571
0.020069454
0.019921469
0.019849688
0.01961607
0.019555625
0.019508349
0.019414615
0.019392004
0.019356504
0.019311264
0.019189853
0.019173088
0.019168276
0.019165523
0.019122584
0.018935138
0.018710937
0.018621553
0.018504119
0.018429581
0.018405177
0.01834237
0.018272217
0.018233685
0.018171139
0.01811981
0.018066976
0.018064102
0.018020682
0.0179831
0.017973201
0.0179006
0.017888753
0.017849471
0.017837347
0.017802054
