1.0
0.8333333333333334
0.6666666666666666
0.6666666666666666
1.0
0.8333333333333334
0.8333333333333334
0.6666666666666666
0.6666666666666666
1.0
0.8333333333333334
1.0
0.8333333333333334
0.8333333333333334
0.8333333333333334
1.0
0.6666666666666666
0.6666666666666666
1.0
1.1666666666666667
0.8333333333333334
1.0
1.0
1.0
1.3333333333333333
1.0
1.0
1.1666666666666667
0.6666666666666666
1.0
1.0
1.3333333333333333
1.3333333333333333
0.8333333333333334
0.8333333333333334
0.6666666666666666
1.1666666666666667
1.0
0.8333333333333334
0.8333333333333334
0.6666666666666666
0.8333333333333334
1.1666666666666667
1.0
0.8333333333333334
0.6666666666666666
0.6666666666666666
0.6666666666666666
0.8333333333333334
1.1666666666666667
