0.027765209
0.025692107
0.025599571
0.024117405
0.022798063
0.022508353
0.022417728
0.022114184
0.022052413
0.021954754
0.021773571
0.021762496
0.021007773
0.020984616
0.0208378
0.020821422
0.020344958
0.020107388
0.020008594
0.019996306
0.019887492
0.019859733
0.019838637
0.019541629
0.019110218
0.019105462
0.019049607
0.019007491
0.018885788
0.018829336
0.018639848
0.01853506
0.018494768
0.01848476
0.01837803
0.018320449
0.018250987
0.018234566
0.018165836
0.018093208
0.01806313
0.01804751
0.01800348
0.017930765
0.017911432
0.017890874
0.017813204
0.017709145
0.017650409
0.017602345
