0.025283301
0.022415247
0.021523802
0.02140581
0.021385254
0.021323131
0.02125917
0.021131508
0.021022014
0.021009272
0.020788651
0.020692365
0.020630188
0.02053845
0.020512382
0.020464936
0.02045394
0.020358933
0.020209745
0.020182267
0.020121893
0.019770445
0.019748384
0.019733954
0.019689811
0.019659873
0.019574625
0.019537468
0.019470872
0.01942829
0.019384155
0.019383656
0.019371824
0.01936033
0.019337947
0.01925278
0.019217793
0.019048505
0.018993841
0.018980537
0.018957801
0.018927643
0.018883346
0.018866308
0.018848663
0.018818643
0.018804412
0.018786373
0.018747965
0.018701456
