0.030633718
0.028170943
0.028059082
0.024090063
0.023324426
0.02260123
0.022571517
0.0216508
0.021600172
0.021511707
0.02076874
0.02058465
0.02046214
0.02043252
0.020242825
0.020112623
0.019977126
0.01997064
0.019966142
0.019569883
0.019470671
0.01926876
0.019218631
0.01921189
0.01909123
0.019017406
0.019015701
0.018990144
0.018856285
0.01880896
0.018631596
0.018628312
0.0185745
0.01831607
0.018287182
0.018282486
0.018245904
0.018198147
0.018095547
0.018076435
0.01804915
0.018010702
0.01799788
0.01796665
0.017927973
0.017903531
0.017902724
0.017888818
0.017883014
0.017882762
