0.023478134
0.022900356
0.02196093
0.02195289
0.021828733
0.021814678
0.021579968
0.021128548
0.021019872
0.020936696
0.020834062
0.02083167
0.020735998
0.020637203
0.020608345
0.020582758
0.02048597
0.020426923
0.020164667
0.020144744
0.020136602
0.020013573
0.019732121
0.019617252
0.019573333
0.0195687
0.019477088
0.019460702
0.019447183
0.019421825
0.019229066
0.019211628
0.019119272
0.019117005
0.019101689
0.01908431
0.01901438
0.019010635
0.01898742
0.018984614
0.018984245
0.018962272
0.018950231
0.018905044
0.018890845
0.018884396
0.018813888
0.01878607
0.018759392
0.018702043
