0.022923034
0.02195841
0.021591146
0.02158005
0.021157453
0.021070212
0.02096823
0.020772735
0.020620935
0.020617912
0.020554231
0.02054584
0.020529952
0.020389402
0.02036925
0.020316236
0.020120742
0.020080134
0.020062573
0.020053338
0.019953951
0.01988089
0.019842885
0.019842274
0.019771017
0.019761885
0.019683715
0.019678602
0.019672109
0.019668711
0.019661456
0.019625604
0.019606302
0.019567281
0.019510346
0.01948829
0.019451374
0.019431405
0.019296516
0.019278174
0.01927795
0.019225167
0.019178718
0.019120859
0.019115355
0.019102909
0.01902679
0.01902087
0.019008115
0.018968618
