0.023880886
0.021152861
0.020948457
0.020853067
0.020847956
0.02083045
0.020794876
0.020766309
0.0207653
0.020759499
0.020706864
0.020703582
0.020673923
0.020667914
0.020602437
0.02054782
0.020531854
0.020497385
0.02047119
0.020446913
0.020377986
0.020331675
0.020271745
0.020258872
0.02019944
0.02016317
0.020107394
0.020039963
0.020036586
0.020022124
0.019727828
0.019486098
0.019256517
0.019084994
0.01907719
0.019042024
0.019034503
0.019029899
0.019016044
0.0189897
0.018965619
0.018959844
0.018906845
0.018904345
0.01890078
0.018895358
0.018888982
0.01887276
0.018871864
0.018830292
