0.025534587
0.024412774
0.022729563
0.022728276
0.022250598
0.022015262
0.021786168
0.021709515
0.021436723
0.021372892
0.02129279
0.021014528
0.020985486
0.020520281
0.020499794
0.020448495
0.020277226
0.020245193
0.020232445
0.019878393
0.019841736
0.019811634
0.019765962
0.019691022
0.019612081
0.019539308
0.01944897
0.019258842
0.019256698
0.019215366
0.019210497
0.01907267
0.018986726
0.01893057
0.01890126
0.018812228
0.018774567
0.01875331
0.018693427
0.018648554
0.01864303
0.01861811
0.01858571
0.018421406
0.018414272
0.018408071
0.018395385
0.018317109
0.018302314
0.018298216
