0.02985921
0.027549077
0.023913622
0.02356916
0.022986785
0.022561686
0.021995902
0.021945205
0.021910543
0.021802343
0.021564512
0.021340504
0.021134526
0.021087913
0.020780705
0.02059574
0.020406691
0.020343548
0.020313071
0.020136148
0.019926514
0.019907994
0.019748652
0.019057103
0.019018078
0.01882228
0.018794848
0.018733427
0.018725995
0.018666264
0.01857794
0.018569916
0.018534688
0.018515984
0.0184115
0.018373718
0.018293748
0.018265216
0.018181523
0.018125396
0.018088637
0.018056767
0.018024137
0.017954133
0.017924776
0.017914677
0.017884295
0.017869646
0.017684614
0.017550636
