0.026799504
0.02477252
0.024150087
0.02301807
0.021854918
0.021791484
0.021320306
0.02130856
0.021240963
0.021016015
0.020812944
0.020771628
0.020762611
0.020286141
0.020272324
0.020144941
0.020128654
0.020058952
0.019946003
0.019714087
0.019679032
0.019634882
0.019582918
0.019543346
0.019502038
0.019495282
0.01946071
0.01940684
0.019240933
0.019147925
0.019111658
0.019105652
0.019091405
0.019051937
0.01904117
0.01904088
0.018835578
0.018746238
0.018728701
0.01866912
0.018653695
0.018646764
0.018635888
0.018623816
0.018615197
0.018583922
0.01856771
0.018465923
0.01846271
0.018457511
