0.024792345
0.023037238
0.022868007
0.022770144
0.021987876
0.021878483
0.021479474
0.021404339
0.021209175
0.020951323
0.02091927
0.020851579
0.020609034
0.020454075
0.020387596
0.02038236
0.02034601
0.020246482
0.020147648
0.020015042
0.020010898
0.019953655
0.019807272
0.019786373
0.01965495
0.01949608
0.01947505
0.01946941
0.019457027
0.019414222
0.019408194
0.01938767
0.01936408
0.019298641
0.01929675
0.01927794
0.019251056
0.019152764
0.019059647
0.018968781
0.018713739
0.018607061
0.018568948
0.018509587
0.018506382
0.01849374
0.018418116
0.018192755
0.018173335
0.018088419
