0.02900132
0.027435433
0.027062964
0.026157117
0.02409035
0.023537371
0.022330536
0.022118755
0.02196065
0.02158209
0.021008462
0.020937756
0.020562667
0.020555463
0.020213392
0.019872041
0.019845445
0.01980788
0.019604962
0.019573018
0.019145971
0.019131567
0.019073343
0.018925527
0.018854156
0.01884628
0.018838357
0.018817022
0.018795133
0.018651439
0.01848364
0.018476574
0.018436885
0.018398654
0.018380221
0.018357744
0.018303484
0.018300733
0.018284902
0.018275278
0.018232388
0.018157674
0.018096775
0.018031143
0.017965259
0.017950103
0.017909002
0.017881993
0.017878857
0.017862208
