3.7142857142857144
3.4285714285714284
3.4285714285714284
3.4285714285714284
3.0
3.4285714285714284
2.857142857142857
3.857142857142857
3.857142857142857
3.142857142857143
3.5714285714285716
3.7142857142857144
2.5714285714285716
3.4285714285714284
3.0
3.0
3.4285714285714284
3.5714285714285716
3.7142857142857144
3.7142857142857144
3.5714285714285716
3.5714285714285716
3.4285714285714284
3.7142857142857144
3.5714285714285716
3.4285714285714284
3.7142857142857144
2.2857142857142856
3.5714285714285716
3.857142857142857
3.857142857142857
3.4285714285714284
3.7142857142857144
3.4285714285714284
3.7142857142857144
3.857142857142857
3.7142857142857144
3.4285714285714284
3.4285714285714284
3.7142857142857144
3.2857142857142856
3.857142857142857
3.142857142857143
3.4285714285714284
3.142857142857143
3.7142857142857144
2.7142857142857144
3.142857142857143
3.142857142857143
3.7142857142857144
