0.028751483
0.023899581
0.02385621
0.023468181
0.021577822
0.021274608
0.020986147
0.02063895
0.02029452
0.019970011
0.019817177
0.019741662
0.01970796
0.019645998
0.019561274
0.019560529
0.019485263
0.019481184
0.019427236
0.019408572
0.019408302
0.019401778
0.01939366
0.019381411
0.019380113
0.019371094
0.019369464
0.019365644
0.01935446
0.019340206
0.019339114
0.019332709
0.019312069
0.01930861
0.019305022
0.019300072
0.01929893
0.019298818
0.019298598
0.019295167
0.01929506
0.01929034
0.019288711
0.019285832
0.019278144
0.019276336
0.019247198
0.019223215
0.019205905
0.01919971
