0.022542667
0.022301588
0.021843696
0.021407448
0.021371631
0.021346856
0.021177894
0.021020502
0.020927042
0.020912437
0.020697571
0.020627065
0.020550601
0.020224141
0.020141888
0.020070499
0.019997315
0.019973766
0.019959742
0.019959517
0.019924134
0.019894514
0.0198791
0.019851077
0.01974767
0.019682197
0.019624935
0.019583555
0.01955753
0.01955527
0.019543543
0.019534864
0.019515797
0.019489871
0.019482091
0.019478766
0.019461665
0.019402096
0.019300107
0.019245027
0.019189168
0.019166153
0.019149076
0.019131484
0.01912631
0.019118387
0.019114198
0.019074634
0.019063916
0.019059
