2.1818181818181817
2.1818181818181817
2.1818181818181817
2.1818181818181817
2.1818181818181817
1.8181818181818181
1.8181818181818181
2.1818181818181817
2.1818181818181817
1.6363636363636365
2.272727272727273
2.1818181818181817
2.272727272727273
2.1818181818181817
2.5454545454545454
2.272727272727273
2.1818181818181817
2.1818181818181817
2.1818181818181817
2.1818181818181817
1.8181818181818181
1.8181818181818181
2.1818181818181817
2.1818181818181817
2.1818181818181817
2.1818181818181817
2.1818181818181817
2.090909090909091
2.1818181818181817
2.1818181818181817
1.8181818181818181
2.272727272727273
1.5454545454545454
2.1818181818181817
2.1818181818181817
2.3636363636363638
2.1818181818181817
2.1818181818181817
2.1818181818181817
2.3636363636363638
2.272727272727273
2.1818181818181817
1.5454545454545454
2.1818181818181817
2.1818181818181817
1.8181818181818181
2.1818181818181817
1.6363636363636365
2.272727272727273
2.090909090909091
