0.025014712
0.023102725
0.02281313
0.021917114
0.021808231
0.021493692
0.021328444
0.021312976
0.021230955
0.02116788
0.021138709
0.021059556
0.020649344
0.02052726
0.020520272
0.020515142
0.02036106
0.020237258
0.020215925
0.02003083
0.020009954
0.01999393
0.019992597
0.019914228
0.019778766
0.0195495
0.019530674
0.0194667
0.019403566
0.01938553
0.019353075
0.019351043
0.01929008
0.019067142
0.019058568
0.01892954
0.0189015
0.018871043
0.018848203
0.018830856
0.018766277
0.01871734
0.01870055
0.018658461
0.018607186
0.018589376
0.018586315
0.018525701
0.01845039
0.018426668
