0.021271015
0.021087622
0.020812457
0.020610139
0.020608252
0.02060022
0.020547302
0.020374497
0.020337103
0.020299736
0.020259922
0.020248665
0.020247309
0.02016885
0.020149838
0.020112736
0.020102061
0.02008189
0.020078478
0.020037847
0.020018496
0.020000203
0.019954609
0.019901028
0.019896353
0.01989568
0.019889003
0.019876888
0.019840103
0.019807685
0.019796139
0.019775027
0.019752221
0.019743834
0.019720584
0.019702245
0.019696435
0.019676829
0.019673212
0.01965028
0.019644773
0.019629758
0.019622017
0.019608421
0.019606596
0.019564595
0.019548252
0.019504165
0.019496897
0.019471683
