0.02065319
0.02062416
0.020598248
0.020586714
0.020573786
0.020560123
0.020481303
0.020315398
0.020289127
0.020243485
0.020221647
0.020213215
0.020213116
0.020198476
0.020175204
0.020164914
0.020163558
0.020124989
0.020116417
0.020103771
0.020070178
0.020000463
0.019941283
0.019936683
0.019927744
0.019914027
0.019912314
0.019904915
0.019904379
0.019860944
0.01986063
0.019860473
0.01984599
0.019832976
0.01983093
0.019825045
0.019791536
0.019775443
0.019737815
0.019676954
0.019653872
0.019647555
0.019636033
0.019608077
0.019600427
0.019592416
0.019590732
0.019569457
0.0195492
0.019520683
