0.024365487
0.023147065
0.022667386
0.022598678
0.022420816
0.022414371
0.02212777
0.02198742
0.020786026
0.02075286
0.02063394
0.020587182
0.020576824
0.020403782
0.020091562
0.020032628
0.019999472
0.019993132
0.019984541
0.019959614
0.019953959
0.01993612
0.01956668
0.01952485
0.019434543
0.019419398
0.019392055
0.019378373
0.019339878
0.019332586
0.019270895
0.019246954
0.019225663
0.019203981
0.019101262
0.019029055
0.018976286
0.018976094
0.018974625
0.018967649
0.018938042
0.01888246
0.018854763
0.01884644
0.018841062
0.018787319
0.01878588
0.018777128
0.0187613
0.018744119
