0.8461538461538461
0.8461538461538461
0.6923076923076923
0.6923076923076923
0.8461538461538461
1.7692307692307692
1.3846153846153846
1.0
0.7692307692307693
1.9230769230769231
1.6923076923076923
0.6923076923076923
0.7692307692307693
0.7692307692307693
0.7692307692307693
1.3076923076923077
1.8461538461538463
0.9230769230769231
0.6153846153846154
1.6153846153846154
0.6923076923076923
1.7692307692307692
0.6923076923076923
1.7692307692307692
1.7692307692307692
1.7692307692307692
1.2307692307692308
0.8461538461538461
1.7692307692307692
1.7692307692307692
1.6923076923076923
1.7692307692307692
1.7692307692307692
1.7692307692307692
1.7692307692307692
0.6923076923076923
1.6923076923076923
1.7692307692307692
1.7692307692307692
1.8461538461538463
1.9230769230769231
1.7692307692307692
1.6923076923076923
0.9230769230769231
1.7692307692307692
1.8461538461538463
1.7692307692307692
1.3846153846153846
1.9230769230769231
1.7692307692307692
