0.030675203
0.027735988
0.02643709
0.025241897
0.02388429
0.022910958
0.022810364
0.022643782
0.0220053
0.022003919
0.021772897
0.021477094
0.021425458
0.021160955
0.021106252
0.020816922
0.020806914
0.020564876
0.020447059
0.019816818
0.019713787
0.019638997
0.019524025
0.019292492
0.01916688
0.01898461
0.018969787
0.018826405
0.018681392
0.018651504
0.018650053
0.018379945
0.01829147
0.018197909
0.018090807
0.018020356
0.017987428
0.017672315
0.017540546
0.017525755
0.017431123
0.017428046
0.01738666
0.01738601
0.017372081
0.017196642
0.017171586
0.017096268
0.017022766
0.01695826
