0.03234929
0.029376842
0.026578909
0.02576113
0.024633184
0.023940025
0.023218535
0.022854231
0.02187339
0.020985415
0.02087222
0.020328209
0.020051511
0.02001222
0.019963318
0.019569177
0.019492982
0.019414997
0.019310659
0.019300967
0.019271156
0.019129623
0.019103412
0.019097868
0.019062268
0.019038143
0.018999124
0.018911546
0.018856898
0.018747022
0.018621312
0.018511988
0.018418806
0.018410997
0.018399732
0.018364597
0.018359756
0.018173233
0.018120069
0.01792545
0.017898958
0.017804464
0.017803993
0.017717052
0.017689243
0.01760064
0.017568491
0.017512178
0.017502116
0.017492717
