0.02806589
0.026963511
0.024891863
0.02449206
0.024322633
0.024278857
0.023430092
0.023401193
0.022597058
0.02214711
0.021877937
0.021762623
0.021089125
0.02090024
0.02060141
0.020583218
0.02052233
0.020223368
0.02018494
0.02017675
0.02001773
0.019826626
0.019822022
0.019474287
0.019399384
0.019062528
0.018977365
0.018921977
0.018904181
0.018593121
0.018365907
0.01804849
0.018039986
0.018037243
0.017949557
0.017849809
0.01784597
0.017773747
0.017748838
0.017674237
0.017670406
0.017669478
0.017612478
0.01760141
0.017598422
0.017558213
0.017467044
0.01735032
0.017349271
0.017277787
