0.024121458
0.024092872
0.024087237
0.023675453
0.022694549
0.022633657
0.022468582
0.022453355
0.021748528
0.021349525
0.021327335
0.02104639
0.020994961
0.020958409
0.02089829
0.020883158
0.02079053
0.020699814
0.020361489
0.020271938
0.020254644
0.020008419
0.019958684
0.019834304
0.01945506
0.019436264
0.019238463
0.01917631
0.01901305
0.018925522
0.018850766
0.018781126
0.018662846
0.018621497
0.018575978
0.018565716
0.018473797
0.018435646
0.018375605
0.018345485
0.0183299
0.018264659
0.0182304
0.018141292
0.018114721
0.018105892
0.018090324
0.018089863
0.018065017
0.018021109
