1.7272727272727273
1.7272727272727273
2.0
1.8181818181818181
1.8181818181818181
1.5454545454545454
2.272727272727273
1.8181818181818181
1.8181818181818181
1.8181818181818181
1.7272727272727273
1.8181818181818181
1.8181818181818181
1.9090909090909092
1.8181818181818181
2.0
1.6363636363636365
1.6363636363636365
1.8181818181818181
1.6363636363636365
1.7272727272727273
2.1818181818181817
1.6363636363636365
1.8181818181818181
1.8181818181818181
1.8181818181818181
1.6363636363636365
0.8181818181818182
1.7272727272727273
1.8181818181818181
1.3636363636363635
0.8181818181818182
2.090909090909091
1.8181818181818181
2.0
1.8181818181818181
1.8181818181818181
1.8181818181818181
1.7272727272727273
1.9090909090909092
2.0
1.6363636363636365
1.9090909090909092
2.0
1.6363636363636365
2.0
1.5454545454545454
1.5454545454545454
1.8181818181818181
1.9090909090909092
