0.037519738
0.032072462
0.0276705
0.025276853
0.024158427
0.02303038
0.021920336
0.02129649
0.021063956
0.021010192
0.02083101
0.020620301
0.020348677
0.020264227
0.019800792
0.019774707
0.019663604
0.019636128
0.019304762
0.019170461
0.019117411
0.01902353
0.019016348
0.018995764
0.018963834
0.018868804
0.018684972
0.018270904
0.018264476
0.01825997
0.018198801
0.018151656
0.01812731
0.01807546
0.018050523
0.018046618
0.018030344
0.018024765
0.018009126
0.017996999
0.017991899
0.01789486
0.017850533
0.0178191
0.017765807
0.017731491
0.017680205
0.017631035
0.017580956
0.017442463
