3.2857142857142856
3.2857142857142856
3.2857142857142856
3.2857142857142856
3.142857142857143
3.2857142857142856
3.4285714285714284
3.2857142857142856
3.2857142857142856
3.2857142857142856
3.2857142857142856
3.5714285714285716
3.2857142857142856
3.142857142857143
3.142857142857143
3.142857142857143
3.2857142857142856
3.4285714285714284
3.142857142857143
3.142857142857143
3.4285714285714284
3.2857142857142856
3.5714285714285716
3.142857142857143
3.2857142857142856
3.2857142857142856
3.2857142857142856
3.4285714285714284
3.2857142857142856
3.142857142857143
3.4285714285714284
3.2857142857142856
3.2857142857142856
3.2857142857142856
3.142857142857143
3.5714285714285716
3.142857142857143
3.2857142857142856
3.4285714285714284
3.4285714285714284
2.857142857142857
3.142857142857143
3.4285714285714284
3.4285714285714284
3.142857142857143
3.2857142857142856
3.2857142857142856
2.857142857142857
3.4285714285714284
3.4285714285714284
