0.025055638
0.024286158
0.022956328
0.022544472
0.021971658
0.021922514
0.021751832
0.021545168
0.021206493
0.021111092
0.02107855
0.021077823
0.020856952
0.020555252
0.020499816
0.020353103
0.02001708
0.019965842
0.019953126
0.01992828
0.01989412
0.019872142
0.019860987
0.0197639
0.019694028
0.019591449
0.019488435
0.019448003
0.019262252
0.019233532
0.019198716
0.019185724
0.019077318
0.0190758
0.01905736
0.019011991
0.018994607
0.01897108
0.018927224
0.018824354
0.018788436
0.018750986
0.018746503
0.018744713
0.018509459
0.018415373
0.018282568
0.018255733
0.018231764
0.01820433
