0.3076923076923077
0.3076923076923077
0.38461538461538464
0.3076923076923077
0.23076923076923078
0.38461538461538464
0.38461538461538464
0.38461538461538464
0.3076923076923077
0.38461538461538464
0.23076923076923078
0.3076923076923077
0.38461538461538464
0.38461538461538464
0.3076923076923077
0.38461538461538464
0.3076923076923077
0.3076923076923077
0.46153846153846156
0.38461538461538464
0.38461538461538464
0.3076923076923077
0.23076923076923078
0.3076923076923077
0.38461538461538464
0.38461538461538464
0.46153846153846156
0.38461538461538464
0.23076923076923078
0.46153846153846156
0.38461538461538464
0.3076923076923077
0.3076923076923077
0.38461538461538464
0.3076923076923077
0.38461538461538464
0.3076923076923077
0.38461538461538464
0.38461538461538464
0.46153846153846156
0.38461538461538464
0.38461538461538464
0.5384615384615384
0.38461538461538464
0.38461538461538464
0.3076923076923077
0.46153846153846156
0.38461538461538464
0.46153846153846156
0.5384615384615384
