0.02232311
0.02192785
0.02151257
0.021394668
0.021178517
0.021069821
0.020952392
0.02086873
0.020778803
0.020683125
0.02058265
0.020440962
0.020408774
0.020339902
0.020298278
0.020248704
0.020243846
0.020154797
0.020064516
0.020008247
0.019946696
0.019926071
0.019915577
0.019856282
0.01985339
0.019787263
0.019762693
0.019738408
0.019711837
0.019668957
0.019665772
0.019664152
0.019615196
0.019601824
0.01959897
0.019545754
0.019480657
0.019426664
0.019373257
0.019346934
0.019303162
0.019284632
0.019274408
0.019201158
0.019174835
0.019094339
0.019083714
0.019061275
0.019000636
0.018555181
