0.8333333333333334
0.75
0.75
1.3333333333333333
1.4166666666666667
2.0833333333333335
1.75
1.3333333333333333
1.4166666666666667
1.4166666666666667
1.25
1.3333333333333333
0.75
2.1666666666666665
1.0833333333333333
0.75
1.8333333333333333
0.8333333333333334
0.8333333333333334
1.3333333333333333
1.1666666666666667
1.1666666666666667
1.25
1.5
1.4166666666666667
1.3333333333333333
1.5
1.4166666666666667
1.3333333333333333
1.25
1.1666666666666667
1.0833333333333333
0.8333333333333334
1.4166666666666667
1.3333333333333333
1.3333333333333333
1.0833333333333333
1.4166666666666667
1.5833333333333333
1.0
0.8333333333333334
1.25
1.1666666666666667
1.4166666666666667
1.1666666666666667
1.4166666666666667
1.3333333333333333
1.25
1.25
1.5
