0.02273094
0.02085915
0.020739134
0.020534206
0.020494837
0.02045993
0.020376598
0.020345379
0.020344865
0.020285502
0.020269394
0.020267783
0.020224174
0.020179272
0.020178918
0.020170024
0.020166507
0.020165399
0.020114928
0.020068713
0.020055547
0.019996125
0.019956002
0.019948065
0.0198565
0.01983517
0.019813344
0.019804254
0.01978814
0.019733712
0.019726682
0.019717205
0.019701686
0.019701269
0.019689064
0.019684589
0.019654589
0.01963546
0.01962233
0.019618321
0.019592447
0.019567432
0.019565467
0.019563684
0.01955553
0.01954622
0.019534009
0.019531412
0.019520363
0.019509792
