0.025724096
0.024010854
0.023840008
0.023159932
0.022376718
0.021839328
0.021807076
0.021807028
0.021467546
0.021157151
0.021089148
0.02105649
0.020917019
0.020751761
0.020711085
0.020374289
0.020206358
0.020200938
0.020034986
0.020030292
0.019881314
0.019637328
0.019610314
0.019516494
0.01946994
0.019357188
0.019251937
0.01925079
0.019107306
0.019062225
0.019012118
0.018972067
0.018905947
0.018902687
0.018871203
0.01884079
0.018713962
0.018701961
0.018691175
0.018661585
0.01865141
0.018641507
0.018634468
0.01862815
0.018526815
0.018515868
0.018426867
0.018369561
0.018322147
0.018302893
