0.024382671
0.023785906
0.023523312
0.023175756
0.023161963
0.022474924
0.021862393
0.021815185
0.02180487
0.021804295
0.020549467
0.020409444
0.020122593
0.02009932
0.02002001
0.020018352
0.020018293
0.01985341
0.019848447
0.019790277
0.019754214
0.019741932
0.019675886
0.01963766
0.019608175
0.019585466
0.019578423
0.019462056
0.019445572
0.019364286
0.019268652
0.019104052
0.01906323
0.018980278
0.01895289
0.018946202
0.018926576
0.018911837
0.018850196
0.018824784
0.018812979
0.018717183
0.018706243
0.018706135
0.018655252
0.01851423
0.01848936
0.018440105
0.018398942
0.01835635
