0.02649268
0.025772348
0.024154842
0.023791084
0.022138605
0.021759382
0.021467019
0.021394903
0.021080408
0.02082264
0.020805558
0.020723049
0.020643156
0.020580968
0.020546738
0.020539477
0.020376248
0.020337034
0.020309776
0.020220164
0.02017522
0.020110076
0.020042263
0.019961497
0.01992632
0.019856814
0.019671882
0.019546924
0.019476034
0.019283554
0.019159097
0.019029815
0.018984899
0.018853376
0.018794345
0.018630898
0.018618837
0.01849078
0.018424807
0.018384228
0.018307855
0.01824506
0.018192433
0.018188009
0.01812784
0.018096706
0.017970845
0.017959898
0.017787986
0.017745748
