0.022974981
0.022597883
0.022284117
0.021961998
0.021426827
0.021386297
0.020736547
0.020693725
0.020591268
0.020570036
0.02046935
0.020459669
0.020406833
0.020351378
0.02024497
0.020137599
0.020055983
0.019950967
0.019917037
0.019888615
0.019872556
0.019821925
0.019806067
0.019733518
0.019730873
0.01972042
0.019719282
0.019714687
0.01971247
0.019678172
0.019661825
0.019591726
0.01949817
0.019487467
0.019450448
0.01938539
0.019361818
0.019346615
0.01930339
0.019266214
0.019262968
0.019254683
0.01922683
0.01919706
0.019103045
0.01903007
0.019025857
0.01902338
0.018959822
0.018947167
