0.028179966
0.026329638
0.0254145
0.024087261
0.023086224
0.022657402
0.022612391
0.022561837
0.021959318
0.021858605
0.021543674
0.02094008
0.02084804
0.02083737
0.020535998
0.020077966
0.020033555
0.019927328
0.019532904
0.019497557
0.01949687
0.019455299
0.019334117
0.019269276
0.019203424
0.019091249
0.01906053
0.01903305
0.01902263
0.018913452
0.018894343
0.018823203
0.018730937
0.018666223
0.018582666
0.018538168
0.018498998
0.018412866
0.018387042
0.018357618
0.01832875
0.018262489
0.018176671
0.018126123
0.017997397
0.017989978
0.01774808
0.017715791
0.017699497
0.017661754
