0.021639831
0.021384308
0.021013476
0.020916443
0.020768005
0.020700403
0.020568056
0.02038153
0.02036592
0.02028742
0.020262064
0.02022267
0.020221531
0.020166203
0.020163404
0.020137904
0.02011799
0.020086635
0.020072443
0.020008814
0.019975217
0.019954413
0.019914553
0.01990942
0.019908471
0.019893304
0.019824756
0.019812843
0.019789305
0.019787438
0.019786336
0.01970838
0.019674635
0.019672621
0.019665863
0.019651797
0.019623121
0.01961833
0.019601904
0.019594494
0.019579602
0.019578293
0.019577773
0.019575605
0.019521935
0.019494573
0.019482886
0.019468836
0.019457191
0.01941101
