0.027221331
0.0258904
0.025401922
0.023943812
0.023506891
0.023319714
0.02237004
0.0219994
0.021875557
0.021579029
0.021373691
0.020687072
0.020341251
0.020201186
0.020121297
0.019939113
0.019930853
0.019877166
0.019641548
0.019578723
0.019495985
0.019426625
0.01931481
0.019265976
0.01925732
0.019104047
0.019020207
0.019011777
0.018973676
0.018947857
0.01886742
0.018821225
0.018808266
0.01877277
0.01872869
0.018617865
0.018614328
0.018578554
0.018512962
0.018501248
0.018439882
0.018378068
0.018371524
0.018321564
0.018264472
0.018232679
0.01820158
0.01812452
0.018118765
0.018105315
