0.025670787
0.02351536
0.022002015
0.021773849
0.021714902
0.021701045
0.021479143
0.021009862
0.020901944
0.020874267
0.020800069
0.020436386
0.02031666
0.02031045
0.020233193
0.020230252
0.02014162
0.020051634
0.02002272
0.020009538
0.019967608
0.019936169
0.019917158
0.019891245
0.019622613
0.019583285
0.01955936
0.019540811
0.019463478
0.01944505
0.019317979
0.019294858
0.01929178
0.019240724
0.019226925
0.019225879
0.019195238
0.019145746
0.019140763
0.019057442
0.019001508
0.018842485
0.018827189
0.018825604
0.018808905
0.01873143
0.018713953
0.018676685
0.018665608
0.01864669
