0.038751245
0.031017657
0.02599591
0.025304612
0.023787873
0.023463955
0.022837767
0.02234706
0.022306612
0.022012914
0.021936296
0.021671465
0.0214435
0.021319907
0.021092182
0.020459179
0.020281222
0.020264316
0.019664682
0.019607767
0.019590542
0.019438162
0.019433001
0.018802062
0.018687313
0.01853378
0.018477926
0.018392533
0.01831817
0.0180291
0.017948871
0.017714366
0.017712448
0.01765878
0.017496238
0.017461965
0.017424148
0.017415136
0.01737942
0.017320802
0.017248912
0.017244669
0.017227767
0.017198851
0.017156802
0.017070718
0.017069576
0.017062366
0.017026503
0.016893018
