0.026671736
0.023597334
0.023290364
0.022817804
0.021675706
0.02165559
0.021488572
0.02125589
0.021252485
0.02117188
0.021095542
0.02103129
0.021016622
0.021005394
0.02063749
0.020569423
0.020096885
0.02005035
0.019904055
0.019774357
0.019764353
0.019748395
0.01969204
0.019681431
0.019654864
0.019619808
0.01949512
0.019447168
0.019273056
0.019265786
0.019232957
0.019215822
0.0191067
0.019086413
0.018937428
0.01892532
0.018905353
0.01881846
0.01869264
0.018689677
0.018666603
0.018648261
0.018624632
0.018591592
0.01851739
0.018373264
0.018349426
0.018328078
0.01830931
0.018279854
