0.034917485
0.027515912
0.026960861
0.025160406
0.025083836
0.023944795
0.023403892
0.022350665
0.021837609
0.021370554
0.02103447
0.020598542
0.020593362
0.0205789
0.020122878
0.020118363
0.020117747
0.01990051
0.019704696
0.019518819
0.019138774
0.019048667
0.018839173
0.018732887
0.018724265
0.01867476
0.018518755
0.018452257
0.018449256
0.018449249
0.018399764
0.018379195
0.018333977
0.01825993
0.018246984
0.018221414
0.017958881
0.017926203
0.017915346
0.017906703
0.017885773
0.017849673
0.01781988
0.017797528
0.017669804
0.017650379
0.017570134
0.017555714
0.01740498
0.017385365
