0.031114532
0.025735432
0.024246808
0.023904499
0.022524856
0.021677548
0.02148992
0.021348681
0.021148337
0.021102037
0.021023517
0.020770762
0.020637328
0.020504942
0.020404434
0.020085003
0.020078324
0.01999493
0.019865032
0.01979852
0.019789658
0.019784974
0.019720927
0.0195686
0.019424468
0.019350043
0.019261869
0.019201472
0.019189836
0.019062383
0.018951831
0.01887237
0.018743172
0.018736843
0.018720336
0.018717723
0.01865909
0.018658603
0.0183938
0.01838437
0.01832416
0.018309722
0.018225083
0.01819888
0.018152166
0.018130539
0.01811376
0.018067433
0.0179565
0.017873958
