1.0
0.8571428571428571
1.0
1.0
1.0
1.0
1.0
1.0
1.0
2.4285714285714284
2.4285714285714284
1.0
2.4285714285714284
2.4285714285714284
2.4285714285714284
1.0
2.4285714285714284
1.0
1.0
1.0
2.4285714285714284
2.4285714285714284
2.4285714285714284
1.0
1.0
2.4285714285714284
2.4285714285714284
1.0
2.4285714285714284
2.4285714285714284
2.4285714285714284
2.4285714285714284
2.4285714285714284
1.0
1.0
2.4285714285714284
2.4285714285714284
2.4285714285714284
1.0
2.4285714285714284
2.4285714285714284
2.4285714285714284
1.0
2.4285714285714284
2.4285714285714284
2.4285714285714284
2.4285714285714284
2.4285714285714284
2.4285714285714284
1.0
