0.023997275
0.023644073
0.022793919
0.022256033
0.022043578
0.021998256
0.021915775
0.021668762
0.021289906
0.021035789
0.020826276
0.02079632
0.020724924
0.020476729
0.02022161
0.020197704
0.020114552
0.020104222
0.02008999
0.019906491
0.019888993
0.01982161
0.019792803
0.019621952
0.019569755
0.019561013
0.019554526
0.019494338
0.019459283
0.01941572
0.01932542
0.019247664
0.019231044
0.019128058
0.019011546
0.01896823
0.018945737
0.01893448
0.018923124
0.018844338
0.018834911
0.01881025
0.018808557
0.018759781
0.01873858
0.018723859
0.01871732
0.01864885
0.018592466
0.018523673
