0.028340207
0.023605872
0.023007255
0.022678567
0.02219781
0.022058174
0.021889327
0.021600187
0.021551201
0.021354483
0.021321231
0.021030908
0.02069693
0.020680793
0.020532012
0.020378772
0.020180197
0.020171449
0.019899989
0.019863738
0.019796995
0.01977775
0.01973693
0.019696377
0.019416248
0.019275948
0.01926404
0.019257002
0.019160336
0.019140506
0.01908532
0.019022904
0.018971391
0.018889409
0.018832928
0.018821776
0.01874253
0.01871535
0.018699434
0.018641684
0.018589525
0.01856523
0.018535726
0.01845793
0.018457605
0.018405417
0.018366352
0.018349152
0.018194318
0.018094758
