0.028185442
0.026063114
0.025285903
0.024658207
0.023499511
0.023296358
0.023229279
0.022888806
0.022885518
0.022592423
0.022106979
0.02187414
0.021339245
0.021248724
0.021240056
0.021239236
0.021152416
0.020277591
0.02016512
0.019974409
0.019530233
0.019346308
0.019295199
0.019175502
0.018967869
0.018907908
0.018892674
0.018637085
0.018610662
0.018577581
0.018542377
0.018340599
0.018306328
0.018246401
0.018146794
0.017996542
0.017916381
0.017884502
0.017822562
0.01779781
0.017785626
0.017699834
0.0176572
0.017631942
0.017626371
0.017552039
0.017533537
0.017530426
0.017451499
0.017387707
