0.027983014
0.027287364
0.024553565
0.023952113
0.023618188
0.02199893
0.02180173
0.021161105
0.02116009
0.021046024
0.020874267
0.020858573
0.020846892
0.020656047
0.020638557
0.02063158
0.020524964
0.020452974
0.020050246
0.019990329
0.01989123
0.019815758
0.019790914
0.019410886
0.019356694
0.019299805
0.019255636
0.019188356
0.019000972
0.018944789
0.018928591
0.018902862
0.0188289
0.01875551
0.018534357
0.018525641
0.018505689
0.01829148
0.018287448
0.018152995
0.018139856
0.018119708
0.018097924
0.018050496
0.018039048
0.018015867
0.018003058
0.017936146
0.017934276
0.017908538
