0.02610267
0.025853623
0.02316181
0.022752687
0.022478327
0.022421885
0.02242
0.02240279
0.022096727
0.021941325
0.021891018
0.021193657
0.021027585
0.020987045
0.02048808
0.020214003
0.019899769
0.019882213
0.019879697
0.019720342
0.01970891
0.019584322
0.019566808
0.019429922
0.0192955
0.019281846
0.019277776
0.019265926
0.019253839
0.019044405
0.019031096
0.018836537
0.018836413
0.018807506
0.018744307
0.018697659
0.018654205
0.018616121
0.018608887
0.01840001
0.018354386
0.018300746
0.018294066
0.018257923
0.018220508
0.018205889
0.018188195
0.018143388
0.018142134
0.018135428
