0.025440708
0.024967318
0.024440171
0.02390344
0.0238736
0.023215614
0.022493763
0.022385906
0.02226209
0.022256726
0.022204274
0.021278558
0.02106911
0.020887818
0.020719465
0.020627027
0.020565778
0.020562964
0.020557018
0.020306502
0.020292243
0.020278612
0.020236423
0.020120725
0.01994093
0.01971687
0.01967995
0.019262139
0.019128438
0.01909666
0.018961685
0.018875886
0.018552508
0.018453235
0.018430412
0.01820728
0.018161617
0.018048594
0.017796688
0.017772365
0.017716778
0.017696567
0.017674621
0.017639598
0.01751215
0.017474521
0.017430313
0.017319268
0.01727667
0.017228374
