0.033426207
0.025450703
0.023444206
0.023274316
0.023069747
0.022956304
0.02278035
0.022176227
0.022159513
0.021474453
0.021040523
0.020986458
0.020615026
0.020378692
0.020346254
0.020281766
0.020205135
0.019989217
0.019824822
0.019609535
0.019409781
0.019376352
0.019370334
0.019206546
0.01910482
0.019085435
0.019058807
0.019002207
0.018948559
0.018850882
0.018810268
0.01867878
0.018677115
0.0184963
0.018465217
0.018432887
0.018410768
0.018352497
0.018312035
0.018307664
0.018298445
0.018263116
0.018111523
0.018100074
0.01804867
0.017986527
0.017942792
0.017828971
0.017810496
0.017762696
