0.0224467
0.02170049
0.020866856
0.020863323
0.020748943
0.02074798
0.020696422
0.020525197
0.020514823
0.020489205
0.020339813
0.020332422
0.02032749
0.020208284
0.020189077
0.020174364
0.020132098
0.020024331
0.019994266
0.019966042
0.019891586
0.019878339
0.019841662
0.019832758
0.019826382
0.01980602
0.0198037
0.019780632
0.019779922
0.019772496
0.019758739
0.019667374
0.019649945
0.019647533
0.01962202
0.01959075
0.019561915
0.019554893
0.019509742
0.019506862
0.019501455
0.01947745
0.01947626
0.019472204
0.019458333
0.019434847
0.019424912
0.019410688
0.01939822
0.019374257
