3.4285714285714284
3.5714285714285716
3.0
3.142857142857143
3.5714285714285716
3.142857142857143
4.142857142857143
3.857142857142857
2.5714285714285716
3.0
3.2857142857142856
3.4285714285714284
3.5714285714285716
3.0
3.2857142857142856
3.5714285714285716
3.2857142857142856
3.4285714285714284
3.7142857142857144
3.4285714285714284
2.5714285714285716
3.7142857142857144
3.2857142857142856
3.4285714285714284
3.4285714285714284
1.0
1.1428571428571428
3.2857142857142856
3.2857142857142856
3.4285714285714284
3.5714285714285716
2.5714285714285716
3.0
3.4285714285714284
3.2857142857142856
3.4285714285714284
3.857142857142857
3.2857142857142856
2.142857142857143
3.2857142857142856
3.2857142857142856
3.4285714285714284
3.142857142857143
2.5714285714285716
3.5714285714285716
2.857142857142857
3.4285714285714284
4.0
3.4285714285714284
3.0
