0.026991198
0.024137912
0.022717262
0.022243986
0.022145132
0.021564536
0.021471106
0.021444825
0.021435156
0.021171255
0.021165805
0.020953238
0.020824287
0.02033271
0.020289365
0.020169998
0.020165484
0.02005661
0.020021731
0.01998897
0.01989392
0.019783719
0.019558724
0.019557884
0.019454826
0.019351587
0.019269729
0.019252269
0.019227818
0.019224837
0.01922189
0.019085566
0.019079512
0.019060606
0.019052397
0.018950053
0.018891912
0.018847773
0.018780423
0.018767314
0.018763365
0.018746756
0.018691242
0.018666781
0.018650467
0.018620178
0.018594956
0.018592939
0.018556751
0.018513167
