0.2222222222222222
0.2222222222222222
0.2222222222222222
0.2222222222222222
0.2222222222222222
0.2222222222222222
0.3333333333333333
0.3333333333333333
0.0
1.2222222222222223
0.2222222222222222
0.3333333333333333
0.2222222222222222
0.2222222222222222
0.3333333333333333
0.2222222222222222
0.2222222222222222
0.2222222222222222
2.2222222222222223
0.2222222222222222
0.3333333333333333
0.3333333333333333
0.3333333333333333
1.7777777777777777
0.3333333333333333
0.4444444444444444
0.3333333333333333
0.3333333333333333
1.2222222222222223
0.3333333333333333
1.2222222222222223
1.8888888888888888
0.3333333333333333
2.2222222222222223
0.3333333333333333
2.3333333333333335
1.3333333333333333
0.4444444444444444
2.111111111111111
0.5555555555555556
1.3333333333333333
2.2222222222222223
1.7777777777777777
2.2222222222222223
2.111111111111111
2.2222222222222223
2.2222222222222223
2.111111111111111
1.8888888888888888
1.8888888888888888
