0.023617906
0.023367183
0.022540646
0.022138258
0.022031281
0.021807207
0.021726653
0.021129789
0.020908022
0.020806631
0.02078001
0.020774016
0.020715393
0.020621894
0.020428957
0.020386599
0.020326916
0.020314232
0.020154042
0.020127365
0.020108046
0.01981585
0.019775987
0.019775024
0.01976607
0.019697767
0.0196326
0.019581357
0.019427525
0.019271797
0.019246323
0.019245364
0.019151824
0.019106247
0.019103084
0.019076517
0.018999359
0.018992774
0.018984396
0.018965501
0.018950153
0.018912546
0.018888976
0.018884504
0.018741027
0.018663555
0.018646777
0.018630572
0.018629042
0.01862649
