0.025521206
0.023959339
0.023935918
0.023809973
0.023076944
0.02230524
0.022300502
0.021867683
0.02166709
0.021008724
0.021007136
0.020976933
0.020830195
0.020521974
0.020341685
0.020189019
0.01998512
0.019931015
0.019849094
0.01957804
0.019529173
0.019432718
0.019366484
0.019342363
0.019324165
0.019310607
0.019287452
0.019179292
0.019156368
0.019144444
0.019074947
0.019039016
0.01900954
0.019000538
0.018948369
0.018858295
0.018858077
0.018849343
0.018839575
0.018811714
0.018786274
0.018698791
0.018524315
0.018487325
0.01848319
0.018476967
0.018435378
0.018433718
0.018332426
0.018316213
