4.0
1.0
4.0
4.0
3.6666666666666665
4.0
3.6666666666666665
3.6666666666666665
4.0
4.833333333333333
4.0
4.666666666666667
4.0
3.8333333333333335
3.6666666666666665
4.0
4.0
4.0
4.0
4.0
4.0
3.6666666666666665
4.0
3.3333333333333335
4.0
4.0
4.0
4.0
3.3333333333333335
4.0
4.166666666666667
3.6666666666666665
3.3333333333333335
4.0
4.166666666666667
1.0
3.8333333333333335
4.0
4.0
3.8333333333333335
4.166666666666667
3.8333333333333335
4.166666666666667
4.0
3.8333333333333335
3.8333333333333335
4.0
3.8333333333333335
4.0
4.0
