0.033804413
0.026534703
0.02638349
0.025913566
0.024389312
0.024280915
0.023082357
0.02299805
0.022908475
0.022281867
0.022144942
0.022032512
0.021733053
0.021395233
0.021162085
0.020905921
0.020545125
0.019741338
0.019477628
0.01945059
0.01939551
0.019028945
0.01863915
0.018618729
0.018605242
0.018598737
0.018422462
0.018421642
0.018414836
0.018386617
0.018372769
0.018343557
0.018314317
0.018311279
0.018254805
0.017917585
0.01779724
0.017662024
0.017646516
0.017505245
0.017468864
0.017440671
0.017398791
0.017375762
0.01724876
0.017085643
0.017069938
0.01705945
0.01701864
0.017010668
