0.030588971
0.027758036
0.02515315
0.024843613
0.023887545
0.02260004
0.022186607
0.02209443
0.022033216
0.021676451
0.021585416
0.02111642
0.020656966
0.020651963
0.020449955
0.020423898
0.020058336
0.01989127
0.01979858
0.019592088
0.019534633
0.019469105
0.019383686
0.019333048
0.019277072
0.019272093
0.018823633
0.018802471
0.018674744
0.01864231
0.01864036
0.018521797
0.018509004
0.018429978
0.01825188
0.018207593
0.01820263
0.018153848
0.018137064
0.018112767
0.018111749
0.018032575
0.017951047
0.01785251
0.017848935
0.017811079
0.017780788
0.017774075
0.017711863
0.017698716
