0.028831087
0.023518832
0.023008961
0.022341441
0.02209625
0.021982098
0.021933967
0.021929855
0.021462506
0.021415103
0.021300295
0.020591294
0.020583602
0.020501273
0.020383084
0.020332852
0.020248232
0.020190356
0.01989922
0.019886091
0.019882597
0.019819811
0.019802753
0.019774389
0.019757556
0.019753946
0.01960739
0.019576518
0.019276151
0.019170534
0.019029925
0.018986845
0.018966192
0.018918656
0.01891453
0.018913787
0.018766366
0.018740635
0.018626818
0.01846746
0.018458592
0.018380351
0.018344339
0.018316612
0.018314125
0.01828763
0.018287156
0.018274972
0.018121535
0.018025525
