0.0335669
0.024834173
0.022903606
0.021473771
0.021242348
0.021008126
0.020783214
0.02054067
0.020299232
0.020024411
0.020012345
0.01976738
0.019747067
0.019737305
0.019559331
0.01947873
0.019397222
0.019374562
0.019371932
0.019364646
0.01936362
0.019358471
0.019334149
0.019315679
0.01931427
0.019293819
0.01928097
0.019275889
0.019267058
0.019264352
0.019261995
0.019261971
0.019257732
0.01924922
0.019246617
0.019244099
0.019239413
0.019237755
0.019226024
0.019221164
0.019220747
0.019218437
0.0192172
0.019202404
0.019201616
0.019200291
0.019196145
0.019191321
0.019181019
0.019169584
