0.028899945
0.027309297
0.025590088
0.024288569
0.024029663
0.022230342
0.022179859
0.021804724
0.021731216
0.021584876
0.021477286
0.021121163
0.020986952
0.020904677
0.020838961
0.020442348
0.020236721
0.019994026
0.019958688
0.019843612
0.01981099
0.01972313
0.01954916
0.019522572
0.019304097
0.019190663
0.019024344
0.0190141
0.018996555
0.018896373
0.018847136
0.018844787
0.01856784
0.018320382
0.01830606
0.018229518
0.01813494
0.018126674
0.018032974
0.017997574
0.017984917
0.017974822
0.017974224
0.017938232
0.01791544
0.017702958
0.01768531
0.017679816
0.017679129
0.017572157
