0.022129048
0.021664826
0.02164162
0.021538371
0.021387879
0.021353764
0.021170385
0.021037268
0.020804781
0.020765882
0.020681815
0.020414159
0.020342214
0.02033307
0.020320589
0.02026068
0.020098474
0.020068087
0.020057872
0.019993909
0.01993902
0.019917695
0.019884568
0.019774966
0.01975597
0.019741809
0.01974148
0.019739889
0.019687708
0.019660005
0.019626055
0.019623468
0.019600023
0.019575968
0.01950378
0.019440802
0.019410798
0.019378768
0.01937868
0.019360347
0.019274298
0.019256001
0.019253926
0.01922516
0.019184582
0.019115679
0.018998638
0.018967558
0.018967485
0.0189501
