0.027605414
0.02674747
0.024861848
0.02401992
0.023446731
0.021391677
0.021317706
0.021315254
0.021281933
0.02127662
0.02120067
0.021177921
0.020733425
0.020732379
0.020715108
0.020312527
0.02026968
0.020232752
0.020163076
0.020091107
0.019602664
0.019571776
0.019513832
0.019507777
0.019321263
0.01917922
0.019164162
0.019064974
0.01893038
0.018894479
0.018891828
0.018862268
0.018858219
0.018721463
0.018676348
0.018660115
0.01858596
0.018560741
0.01854518
0.018433863
0.018423714
0.018312797
0.018295817
0.018260637
0.01822992
0.018118512
0.018021328
0.018015346
0.017990004
0.017892163
