0.028671248
0.026424978
0.02494735
0.023851981
0.023691632
0.023194581
0.022919089
0.022733007
0.022448493
0.022441322
0.022298899
0.0219986
0.020877799
0.020586828
0.02056416
0.020231133
0.020052651
0.019932147
0.01991276
0.0194039
0.019248614
0.01922172
0.019205615
0.019190494
0.01917991
0.01917345
0.019170253
0.019097945
0.01904703
0.019046701
0.0190188
0.018712299
0.018642996
0.018498018
0.018453576
0.018336756
0.018333755
0.01818467
0.01816581
0.018109867
0.017799705
0.017787354
0.017727366
0.017682578
0.017669708
0.017653571
0.017629305
0.017612968
0.017611898
0.017604712
