0.030317266
0.02717343
0.02511078
0.02434454
0.023281028
0.023245208
0.022366874
0.022221243
0.022041857
0.021998089
0.021504156
0.021501558
0.021373685
0.021252966
0.021112999
0.020803861
0.020594396
0.020388575
0.02027265
0.020150337
0.019948572
0.019857887
0.019234316
0.018918514
0.01890766
0.018870682
0.01878064
0.018768366
0.018748978
0.018716125
0.018615281
0.01858979
0.018546937
0.0184443
0.018437564
0.018372754
0.018349255
0.018125372
0.017876398
0.017864397
0.01781952
0.017687742
0.01763219
0.017592864
0.017556394
0.017507164
0.017352203
0.017328473
0.017254172
0.017239999
