0.026405364
0.02369982
0.022801856
0.022341408
0.021819081
0.021388166
0.021373855
0.021372698
0.021173224
0.021166077
0.020951742
0.02083172
0.020653345
0.020594219
0.020493766
0.02041433
0.020281628
0.02020944
0.019889243
0.019857533
0.01982289
0.01978501
0.01973308
0.019719945
0.019591529
0.019517742
0.019474493
0.01945674
0.019442951
0.019423736
0.019295024
0.019262556
0.019249585
0.019134812
0.01913453
0.019082496
0.018956691
0.01894867
0.018842217
0.018807845
0.018787872
0.018648041
0.018635606
0.018588984
0.018564034
0.018515471
0.018500172
0.01845881
0.018454997
0.018444967
