0.033059712
0.027350977
0.027134879
0.025279047
0.02480628
0.02322301
0.022601007
0.022521446
0.020984963
0.020666953
0.0205004
0.020488689
0.020444475
0.02043962
0.020397224
0.02034724
0.020264162
0.02008275
0.019866321
0.019809619
0.019708203
0.019602673
0.01938842
0.019331785
0.01913844
0.019103432
0.018858926
0.018796396
0.018748602
0.018634206
0.018548263
0.018374829
0.018275244
0.018235689
0.01823038
0.01822926
0.018076746
0.018074667
0.017961783
0.01794267
0.01789914
0.01787728
0.017798305
0.017666912
0.017661694
0.01760128
0.017593032
0.017524408
0.01751404
0.01733454
