0.028661719
0.026821166
0.02303339
0.022891115
0.022474062
0.022197096
0.022107773
0.021846555
0.021767452
0.021727182
0.021617988
0.021377781
0.021056667
0.021017853
0.02063568
0.020589612
0.02006412
0.019914882
0.019838218
0.01976048
0.019756325
0.019679595
0.019677643
0.01963309
0.019578336
0.019575696
0.01957128
0.019521609
0.019433405
0.019069035
0.019052831
0.018928973
0.018848602
0.018743636
0.0185573
0.018474612
0.018418383
0.01828972
0.018178523
0.018140681
0.01807751
0.018021766
0.018016754
0.018013088
0.01796843
0.017963631
0.017866071
0.017860316
0.017844846
0.017837534
