0.035707735
0.028372865
0.027721805
0.024221364
0.023209887
0.02250832
0.02220532
0.02149523
0.021463847
0.021302184
0.021018745
0.020767948
0.020609982
0.02005889
0.019993426
0.019951466
0.019775106
0.01972207
0.019569345
0.019275082
0.019203987
0.01904764
0.01894253
0.018924817
0.018880393
0.018857207
0.018850382
0.01866027
0.018465947
0.018462187
0.018422589
0.018401008
0.018382877
0.018355096
0.018339502
0.018331286
0.018306375
0.018247655
0.018149218
0.018123643
0.018110491
0.018094167
0.018039672
0.018032113
0.017975122
0.01792412
0.017913572
0.017908666
0.017850308
0.01784651
