0.022428155
0.021709159
0.021167137
0.020620292
0.020590411
0.020553825
0.020496242
0.020487204
0.020472914
0.020447426
0.020383265
0.02032178
0.020262104
0.020185685
0.020114062
0.020069435
0.020065337
0.02004774
0.020025905
0.02002248
0.01990177
0.01990081
0.019876493
0.019841248
0.019834787
0.019821696
0.01979714
0.019776145
0.019743396
0.01972667
0.019722387
0.019701794
0.019695422
0.01967669
0.01967368
0.019613026
0.019598465
0.019587727
0.019587621
0.019549971
0.019536277
0.019526193
0.019515093
0.019503476
0.01949514
0.019486228
0.019483734
0.019470196
0.019467516
0.019418614
