0.021939859
0.02187215
0.021498656
0.02131844
0.020958377
0.020726169
0.02054671
0.020537725
0.020434465
0.020376218
0.02029737
0.020237084
0.02020251
0.020186303
0.02017909
0.020165512
0.020164395
0.02013951
0.020121718
0.020017372
0.020016165
0.020004673
0.019990537
0.019939959
0.019901915
0.019846976
0.019835683
0.019715447
0.019671816
0.019667933
0.019666733
0.019623313
0.019622097
0.01959206
0.019589227
0.019564314
0.019551797
0.019532228
0.019515436
0.019501327
0.0194976
0.01947531
0.019404886
0.019394852
0.019391682
0.01935494
0.019333662
0.019311365
0.019302158
0.019264268
