0.028338367
0.025441533
0.022348927
0.021481374
0.021428658
0.021396551
0.021312378
0.021107458
0.021087479
0.020997936
0.020573927
0.020511704
0.020432943
0.02034094
0.020255895
0.019981405
0.019974135
0.01975013
0.01974587
0.01971286
0.01970549
0.019654779
0.019623525
0.019475656
0.019427989
0.019413581
0.019347865
0.019339899
0.019322315
0.019302426
0.01928148
0.019250147
0.019164542
0.019103214
0.019031167
0.019013343
0.018969467
0.018964596
0.018958235
0.018932208
0.018915808
0.018884571
0.018880462
0.01887384
0.018847803
0.018836731
0.018834708
0.018819584
0.018810205
0.01879387
