0.022455424
0.022251839
0.022005094
0.021888437
0.021266337
0.021170754
0.021141872
0.020998212
0.02047281
0.020188661
0.020100562
0.020095764
0.02007427
0.02006376
0.020053467
0.02004948
0.020041365
0.019958444
0.019908022
0.01988425
0.019876465
0.0198682
0.019836659
0.01981344
0.01980174
0.019761644
0.019689757
0.019681932
0.019641228
0.019623332
0.019622933
0.019573065
0.019566199
0.019549128
0.019537173
0.019536827
0.019534355
0.019511156
0.01947678
0.019473704
0.019464811
0.019449642
0.019370072
0.01931713
0.019309888
0.01929013
0.019224988
0.019182885
0.019175824
0.019170066
