2.888888888888889
2.888888888888889
2.6666666666666665
2.5555555555555554
2.5555555555555554
2.6666666666666665
2.6666666666666665
2.111111111111111
2.6666666666666665
2.6666666666666665
2.888888888888889
2.111111111111111
2.4444444444444446
2.6666666666666665
2.5555555555555554
2.888888888888889
2.6666666666666665
2.3333333333333335
2.888888888888889
2.6666666666666665
2.888888888888889
2.888888888888889
2.6666666666666665
2.888888888888889
2.3333333333333335
2.5555555555555554
2.6666666666666665
2.111111111111111
2.6666666666666665
2.4444444444444446
3.2222222222222223
2.888888888888889
3.0
2.6666666666666665
2.5555555555555554
2.888888888888889
2.0
2.5555555555555554
3.0
3.0
2.6666666666666665
2.888888888888889
2.888888888888889
2.5555555555555554
2.6666666666666665
2.7777777777777777
2.888888888888889
2.7777777777777777
3.111111111111111
2.6666666666666665
