0.029745065
0.026332783
0.024288712
0.02374311
0.02372792
0.022799155
0.0224371
0.02234845
0.02155037
0.02099492
0.020560391
0.020536112
0.02042123
0.020325348
0.020322142
0.02019361
0.020000208
0.01964503
0.01962031
0.019560944
0.019489901
0.019370448
0.019342277
0.019263245
0.019149449
0.01902222
0.019014308
0.018945301
0.01893007
0.018926091
0.018906342
0.018881354
0.018830508
0.018783763
0.018687548
0.018628076
0.018578505
0.01849934
0.018477552
0.01844364
0.01842106
0.018349634
0.018336454
0.018331144
0.018301511
0.018258853
0.018218387
0.018179517
0.018173996
0.018106587
