0.026609652
0.026293835
0.024958517
0.02438081
0.024362784
0.023213558
0.022744438
0.021453196
0.021413319
0.02141049
0.020802615
0.020651642
0.020435374
0.020401463
0.020374792
0.020167034
0.020111132
0.020018639
0.019976154
0.019942846
0.019933844
0.01978767
0.019641327
0.019598627
0.01956661
0.019544952
0.019463751
0.019069355
0.019024601
0.018994223
0.018905075
0.018850956
0.018760249
0.018671189
0.018573757
0.018535996
0.018450096
0.018428352
0.018254384
0.018230194
0.018218117
0.018156582
0.018089674
0.01804484
0.018033883
0.017933736
0.017922137
0.017913755
0.017844066
0.017835625
