0.02262851
0.021818757
0.021631297
0.021561906
0.02117193
0.02075919
0.020648032
0.020497227
0.020395564
0.020375654
0.020374492
0.02031672
0.020261062
0.020140748
0.02011585
0.020092199
0.020046167
0.019957315
0.019924179
0.019897629
0.019858757
0.019852329
0.019840192
0.01983221
0.019816777
0.019814966
0.019758655
0.019666886
0.019652292
0.019644123
0.019610224
0.019603437
0.019576041
0.019561455
0.019557562
0.019534687
0.019532207
0.019518204
0.019503662
0.019503647
0.019490624
0.019468514
0.019464502
0.019436311
0.01943388
0.019403765
0.019393206
0.019392563
0.019350061
0.019313758
