0.031675603
0.027422016
0.026851473
0.02567636
0.02143814
0.02129082
0.02121289
0.021126218
0.020755202
0.020712769
0.020642996
0.02057205
0.020061683
0.019985337
0.019881744
0.01971856
0.019679695
0.019678708
0.019586049
0.019546818
0.0193732
0.019241327
0.019150373
0.01913123
0.019064883
0.01901093
0.018950664
0.01890722
0.018894237
0.018871427
0.018867014
0.018811433
0.018805113
0.018791638
0.018726906
0.01870808
0.018698119
0.018661559
0.018629981
0.018507674
0.018497746
0.018493168
0.018486036
0.018473938
0.018472968
0.018471846
0.018463116
0.018454865
0.018448694
0.018419432
