0.031121464
0.02685761
0.02525388
0.025167773
0.02379083
0.02340317
0.02247136
0.022043461
0.021553868
0.02122364
0.021221751
0.021172067
0.021102678
0.020908458
0.020662978
0.020534096
0.020407943
0.020322818
0.020246437
0.020071017
0.020050053
0.020027539
0.019793546
0.019776115
0.019730663
0.019450514
0.01929816
0.018947043
0.018771425
0.018767644
0.018637793
0.018401908
0.018250618
0.018245881
0.018109895
0.01807986
0.017852558
0.0178302
0.017799404
0.017743822
0.017688943
0.017566925
0.01754724
0.01750461
0.017484706
0.01748419
0.017462548
0.017444545
0.017370284
0.017344035
