0.03245282
0.023715708
0.02321178
0.02278154
0.022549363
0.022258788
0.021914491
0.021890745
0.021594854
0.021298885
0.021253295
0.021230726
0.02091069
0.020719852
0.02036257
0.020346714
0.020304965
0.020140992
0.020104006
0.020069746
0.020031074
0.019716889
0.019482885
0.019396229
0.019389432
0.01938703
0.0193096
0.019270325
0.019180277
0.01917566
0.019023884
0.01898673
0.018982545
0.018885812
0.018622467
0.018581625
0.018555854
0.018408222
0.018380012
0.018240836
0.018156957
0.018120652
0.018035047
0.018027788
0.01799598
0.017935745
0.017931303
0.017909063
0.017906856
0.01786071
