0.022403235
0.022127556
0.021266336
0.021121504
0.02097335
0.020818014
0.02074753
0.020680007
0.020535432
0.02053085
0.020519339
0.02038872
0.020264478
0.020261591
0.020260371
0.020229325
0.02020988
0.020119842
0.01989488
0.01987584
0.019875351
0.019828297
0.01978794
0.019775257
0.019751241
0.01974086
0.019714301
0.01971351
0.019692596
0.01966707
0.019626332
0.019622259
0.019600168
0.019573119
0.019539183
0.019524636
0.019503314
0.019500552
0.019465523
0.019447938
0.019445205
0.019438878
0.019415142
0.01938607
0.019382956
0.019373965
0.01936621
0.019348245
0.019335542
0.019330267
