0.025906932
0.025648477
0.024190614
0.02412521
0.023832152
0.022434385
0.022114675
0.021748317
0.02156874
0.021116532
0.020686302
0.020625925
0.020561451
0.020314662
0.020280847
0.020249192
0.020091431
0.020022549
0.019924087
0.019892968
0.019775443
0.01961752
0.019574573
0.019556707
0.01939429
0.01930137
0.019294862
0.019141594
0.019094199
0.019067341
0.019063033
0.019040357
0.019035406
0.01902674
0.018861264
0.018794281
0.01867723
0.018669222
0.018655952
0.018542442
0.018435717
0.018428981
0.018401155
0.018367719
0.018344332
0.01818702
0.018094925
0.018082434
0.01807137
0.018067135
