0.02639398
0.02394204
0.023931542
0.023705047
0.023523755
0.023389686
0.022932893
0.022463214
0.02209961
0.02144813
0.021372763
0.02123465
0.02104575
0.020610083
0.020482568
0.020449396
0.020339001
0.020209078
0.020012742
0.019969864
0.019913133
0.019892
0.019865558
0.019753767
0.019722536
0.019696694
0.019245224
0.019122802
0.019072661
0.018984968
0.018954279
0.018953888
0.018950252
0.018923074
0.018871838
0.018839542
0.018797187
0.018635727
0.018153293
0.018121151
0.018101769
0.01799339
0.017831625
0.017808767
0.01775938
0.017755836
0.017747961
0.017698875
0.01764162
0.0176354
