0.027367048
0.024782168
0.024570998
0.023307297
0.022898871
0.021518076
0.021356793
0.02126886
0.021220667
0.021196276
0.02101117
0.020968517
0.020694675
0.020369647
0.020362578
0.020011485
0.019867929
0.019792782
0.019752052
0.019687086
0.019682506
0.019603439
0.019539349
0.019423781
0.019402593
0.019376261
0.01936178
0.019358706
0.019202169
0.019199885
0.019177284
0.019039877
0.018953351
0.018926494
0.018898647
0.018873839
0.018866017
0.018832972
0.01882373
0.018732283
0.018732203
0.018732041
0.018625177
0.018596075
0.01840448
0.018390408
0.018364822
0.01834699
0.018263992
0.018263794
