0.03257469
0.025927572
0.02403421
0.023972325
0.02318184
0.022560121
0.022473436
0.022135967
0.021368543
0.021110937
0.02073263
0.02065992
0.020219315
0.020103771
0.019940477
0.019824358
0.019692598
0.019590655
0.019533746
0.019479688
0.019477226
0.019468682
0.019415505
0.019366143
0.019286469
0.019090096
0.019084232
0.018991962
0.018941524
0.018894715
0.018885037
0.018798169
0.018729074
0.018668141
0.01864306
0.018617213
0.018506033
0.018456103
0.018402755
0.018393785
0.018389195
0.018378368
0.01830176
0.018294716
0.018284032
0.018274704
0.018271666
0.018263068
0.01815975
0.018150043
