0.032104157
0.029317204
0.025959667
0.024839785
0.024431173
0.023492761
0.02343705
0.022665665
0.022632316
0.022170054
0.021929745
0.021866094
0.021650553
0.020987216
0.020481672
0.020359922
0.020350207
0.020042473
0.019420257
0.019260725
0.019236803
0.019060494
0.018941417
0.01889149
0.018846981
0.018665541
0.018582294
0.01849612
0.018415423
0.0182881
0.018226964
0.018158006
0.018127318
0.018093724
0.018078752
0.017979199
0.017961284
0.017889077
0.017838083
0.017804587
0.017802425
0.017801963
0.017679133
0.017609289
0.017604906
0.01742108
0.017343342
0.017274387
0.017252821
0.017230267
