0.026390592
0.025854565
0.024213403
0.023773158
0.0237591
0.02309832
0.022781607
0.022127172
0.02177532
0.021580227
0.021175498
0.02079533
0.020641467
0.0205697
0.020536643
0.020412726
0.020367235
0.02029782
0.02027071
0.019959886
0.019868784
0.019841494
0.019798074
0.019750098
0.019716844
0.019703751
0.019671064
0.019618317
0.019495383
0.019487897
0.019250354
0.018685466
0.018645996
0.01858452
0.01851627
0.01845231
0.018388666
0.01831328
0.01829294
0.018133992
0.018068373
0.018060481
0.018004486
0.017857589
0.017814152
0.017697083
0.017655587
0.017520972
0.017378213
0.017347092
