0.02266716
0.021822708
0.021504425
0.02105518
0.02088934
0.020837398
0.020324217
0.020270329
0.020257037
0.02017966
0.0201536
0.020079179
0.020077093
0.020023841
0.019975804
0.01996521
0.019964492
0.019953145
0.019949354
0.019840548
0.019814437
0.019813407
0.019797921
0.01979073
0.019780712
0.019771408
0.019771103
0.019756319
0.019748075
0.019733505
0.019732282
0.019714724
0.019710911
0.019709706
0.019700434
0.01968597
0.019674169
0.019672764
0.01967187
0.019661501
0.019649653
0.019627584
0.019627262
0.019568454
0.019553643
0.019546535
0.019513242
0.019501803
0.019456862
0.019453302
