0.022548279
0.022016615
0.021635959
0.021484649
0.020997502
0.020665443
0.020606186
0.020573113
0.020510638
0.020321522
0.020272387
0.020259898
0.020231692
0.020143371
0.020139333
0.020099308
0.02004151
0.020007527
0.019998044
0.01996857
0.019913392
0.019903243
0.019827697
0.019820057
0.019757992
0.019682996
0.019660058
0.019656986
0.01965452
0.019629853
0.01962672
0.019623362
0.019621817
0.019590786
0.019582277
0.01956981
0.01956688
0.019507801
0.019500816
0.019490996
0.019488337
0.019468043
0.01946782
0.019449852
0.01943689
0.019408742
0.019404441
0.019389892
0.019388855
0.019387534
