0.027867606
0.027222846
0.02692718
0.02592987
0.025179429
0.024733644
0.024468713
0.023376815
0.022718018
0.022072818
0.021684596
0.021672294
0.021243189
0.021181509
0.02100139
0.02083219
0.020560447
0.020487966
0.02048528
0.020160047
0.019896103
0.019516401
0.019448066
0.01942138
0.019261947
0.018699305
0.018665282
0.01863428
0.018600715
0.018499611
0.018325103
0.018280772
0.018082231
0.0180662
0.018053697
0.018053334
0.017745806
0.01766518
0.017479762
0.017460622
0.01745005
0.017311512
0.017218102
0.017195273
0.01705578
0.016939193
0.016870381
0.016867667
0.016730648
0.016699763
