0.02297593
0.021902407
0.021264337
0.0208075
0.020720895
0.020672813
0.02053988
0.020534165
0.02043972
0.020415898
0.020408431
0.0203174
0.020274885
0.020258246
0.0202334
0.020219347
0.020031387
0.019997628
0.019946063
0.019926969
0.019910306
0.01985756
0.019856593
0.01979381
0.019769534
0.019746974
0.01974658
0.01973103
0.019716594
0.019681672
0.01967306
0.019638816
0.019633755
0.019602079
0.019589648
0.019583996
0.019565936
0.019561548
0.019553227
0.019500358
0.01948155
0.019472802
0.019467054
0.019464342
0.01944518
0.01944028
0.019417036
0.019414324
0.019400952
0.019396234
