0.024254238
0.022494573
0.022105476
0.021910463
0.02123474
0.020860242
0.02083023
0.020628987
0.02049898
0.020432511
0.020403484
0.02036541
0.020325715
0.02031539
0.020277977
0.020249007
0.020238545
0.020143945
0.02010226
0.020024309
0.019987721
0.019950941
0.0199452
0.019864667
0.019734658
0.019675178
0.01952575
0.019499097
0.019474119
0.019428961
0.019420888
0.019420827
0.019412834
0.019368138
0.019354627
0.019330509
0.01930882
0.019291813
0.019286
0.019278532
0.019260837
0.019240022
0.01922802
0.019224772
0.019217074
0.019188339
0.019161727
0.0191103
0.019066744
0.01904629
