0.02274697
0.021775076
0.021371985
0.02128947
0.021003839
0.020894796
0.020877857
0.02079189
0.020772764
0.020664388
0.020657895
0.020604974
0.02029127
0.020167012
0.02009436
0.020046977
0.020021299
0.019962814
0.01990235
0.019884124
0.019866912
0.019774556
0.019769458
0.019763393
0.019754125
0.019739648
0.019701794
0.019697016
0.019695688
0.019627163
0.019620227
0.01960005
0.019561
0.019553501
0.019539604
0.019526826
0.019476775
0.019471034
0.019438993
0.01943168
0.01941543
0.019410862
0.019395418
0.01939341
0.019374158
0.019361796
0.019354394
0.019320197
0.01927733
0.019265456
