2.4444444444444446
2.6666666666666665
1.8888888888888888
2.4444444444444446
2.111111111111111
2.4444444444444446
2.4444444444444446
2.3333333333333335
2.4444444444444446
2.3333333333333335
2.4444444444444446
2.3333333333333335
2.6666666666666665
2.6666666666666665
2.6666666666666665
2.6666666666666665
1.3333333333333333
3.3333333333333335
2.6666666666666665
2.5555555555555554
1.7777777777777777
2.5555555555555554
2.3333333333333335
2.3333333333333335
2.5555555555555554
2.5555555555555554
2.4444444444444446
2.4444444444444446
2.4444444444444446
2.5555555555555554
2.4444444444444446
2.3333333333333335
2.5555555555555554
2.0
2.2222222222222223
2.2222222222222223
2.4444444444444446
1.8888888888888888
2.4444444444444446
2.2222222222222223
2.4444444444444446
2.4444444444444446
2.4444444444444446
2.5555555555555554
2.2222222222222223
3.2222222222222223
2.4444444444444446
2.4444444444444446
2.2222222222222223
2.4444444444444446
