0.0251507
0.024408525
0.024201263
0.023748267
0.023289185
0.022562394
0.022539807
0.022465564
0.022115638
0.022019127
0.02146331
0.020967191
0.020887129
0.020639831
0.020103958
0.02006279
0.020061852
0.01995207
0.01992326
0.019891603
0.019880492
0.01976666
0.019738344
0.019629488
0.019623317
0.01962103
0.019444013
0.01932874
0.019154157
0.01914189
0.0190318
0.019007066
0.018945023
0.018636731
0.018588472
0.018512607
0.0184959
0.01844614
0.018422198
0.018415594
0.018387305
0.018261207
0.018250117
0.01824576
0.018178875
0.018142138
0.018107284
0.018078046
0.018041791
0.018024424
