0.02685678
0.024166554
0.022028632
0.021975128
0.021970423
0.021736758
0.021730814
0.021506015
0.021380149
0.021376943
0.02133268
0.021097241
0.020738684
0.020693675
0.02060301
0.020151254
0.020066466
0.020032175
0.019988887
0.019849535
0.01968856
0.019685408
0.019623986
0.019525535
0.019521538
0.019438686
0.019425396
0.019408727
0.0193243
0.019317485
0.019266954
0.019180305
0.019160634
0.019096471
0.01906484
0.019025268
0.019003458
0.01898233
0.018966306
0.018944746
0.018761877
0.01875216
0.018731622
0.01869883
0.01858476
0.018416973
0.018369764
0.018351594
0.01824913
0.018150628
