0.022709813
0.021694276
0.020910481
0.020611214
0.020517647
0.020259969
0.020100977
0.020100772
0.020099614
0.020098362
0.020077279
0.020073675
0.020065084
0.02005646
0.020030133
0.020024065
0.020020835
0.02000987
0.020007769
0.019977791
0.019948976
0.019917013
0.019886121
0.01987623
0.019865256
0.019846408
0.019832648
0.019816985
0.019808441
0.019797124
0.019790769
0.019777773
0.019770022
0.019759994
0.019755123
0.019721737
0.019720025
0.01970963
0.019701723
0.01969905
0.0196966
0.019691367
0.019681884
0.019673064
0.019651253
0.019649629
0.019642597
0.019641006
0.019634536
0.019590933
