1.6923076923076923
1.8461538461538463
1.5384615384615385
1.6923076923076923
1.8461538461538463
1.1538461538461537
1.6923076923076923
1.8461538461538463
1.5384615384615385
1.9230769230769231
1.7692307692307692
1.6923076923076923
1.7692307692307692
1.7692307692307692
1.6923076923076923
1.8461538461538463
0.9230769230769231
1.4615384615384615
1.6923076923076923
1.9230769230769231
1.8461538461538463
1.7692307692307692
0.9230769230769231
1.8461538461538463
1.6923076923076923
1.8461538461538463
1.8461538461538463
1.9230769230769231
1.8461538461538463
1.6153846153846154
2.0
1.6923076923076923
1.6153846153846154
1.6153846153846154
1.8461538461538463
1.6923076923076923
1.5384615384615385
0.9230769230769231
1.5384615384615385
1.6923076923076923
1.6923076923076923
1.9230769230769231
1.6923076923076923
1.6923076923076923
1.8461538461538463
1.9230769230769231
1.8461538461538463
1.6923076923076923
1.6153846153846154
0.9230769230769231
