0.03430051
0.029215217
0.029103614
0.02766598
0.027246457
0.02619866
0.025293631
0.023215383
0.022461524
0.021174729
0.02100021
0.02076266
0.02073082
0.020381922
0.020130811
0.019908028
0.019864887
0.01929163
0.019263621
0.019093528
0.0189913
0.018958254
0.018689342
0.01864791
0.018557869
0.018541817
0.018223222
0.018192735
0.018175006
0.018110923
0.018020479
0.017952014
0.01790661
0.01785591
0.01775706
0.017752903
0.0177522
0.017672287
0.017630816
0.0174656
0.01746168
0.017448002
0.017418807
0.017244546
0.016997607
0.016907938
0.016905036
0.0168794
0.016800312
0.01677859
