0.021040635
0.020459212
0.020391753
0.02038608
0.020374388
0.020353012
0.020324113
0.020269288
0.020261973
0.02025328
0.020251403
0.02024362
0.020227674
0.020203996
0.02020332
0.020200435
0.020192986
0.020162743
0.020152828
0.020139936
0.020111732
0.020110264
0.020093983
0.020089995
0.020002117
0.019995047
0.019971443
0.019956559
0.019930424
0.019926464
0.019829644
0.019826613
0.019817919
0.019814515
0.019795796
0.019794203
0.019771466
0.019702422
0.019697925
0.019693693
0.01968443
0.019684326
0.019678863
0.01967265
0.019595038
0.01957751
0.01956818
0.019551022
0.01949784
0.019465279
