0.021902127
0.021703092
0.020966478
0.020354446
0.020316562
0.020300651
0.020283138
0.020275263
0.020227062
0.020212391
0.020201785
0.020196402
0.020187968
0.02018704
0.020179858
0.020174932
0.02016852
0.020101614
0.020088246
0.020082837
0.020078147
0.020046832
0.02001146
0.019969516
0.019951966
0.019909717
0.019885778
0.019866934
0.019823546
0.019812813
0.019803496
0.019795375
0.019780064
0.019765608
0.01974467
0.019707285
0.019683275
0.019642336
0.019635614
0.01957216
0.019568317
0.019567028
0.019551586
0.019546006
0.019543743
0.019541591
0.019537276
0.019525582
0.019516917
0.019505002
