0.021721952
0.021398874
0.021192696
0.020993907
0.02093403
0.02080481
0.020430716
0.02042747
0.020274395
0.020193717
0.020181492
0.020130318
0.020073883
0.020069066
0.02004024
0.020027563
0.020013085
0.019990334
0.019931294
0.019915666
0.01990388
0.019902727
0.01984557
0.019838486
0.019819483
0.019817762
0.019790795
0.019787919
0.019768806
0.019764937
0.019756963
0.019755762
0.019740231
0.019738097
0.019733338
0.019727526
0.01971083
0.019692142
0.019664973
0.019663613
0.019646486
0.019633794
0.019597588
0.019585464
0.019581504
0.019571748
0.019561497
0.019559281
0.019551313
0.01954202
