0.024968741
0.024897374
0.023685882
0.022720888
0.02232004
0.021244412
0.021156183
0.021070084
0.02087788
0.020821873
0.020769807
0.020622017
0.020576103
0.020229548
0.020201463
0.02017002
0.020129023
0.020075686
0.020026237
0.020002227
0.019964572
0.019952944
0.019888332
0.019761078
0.01961725
0.019445818
0.019390361
0.019224482
0.019224439
0.019224165
0.019181516
0.019178247
0.0191731
0.019104969
0.019013287
0.018974368
0.018955885
0.018939301
0.018935038
0.018933684
0.018915882
0.018862572
0.018858653
0.018854382
0.018716738
0.018711021
0.018652355
0.01860501
0.018604247
0.018570824
