0.034637216
0.027775759
0.027099282
0.02685493
0.025811873
0.024934363
0.024877263
0.02196942
0.021593338
0.021532258
0.020983074
0.020911112
0.02087619
0.020713873
0.020246113
0.019985441
0.01963668
0.0192389
0.019154355
0.019070826
0.019012978
0.01893119
0.018845541
0.01877429
0.018626545
0.018526085
0.018433232
0.01842246
0.018379517
0.018353054
0.01825085
0.018100552
0.018091163
0.018055584
0.018013248
0.017977778
0.017939664
0.01789619
0.017837733
0.017797029
0.01773664
0.017734634
0.017681062
0.01765145
0.017593758
0.017567843
0.01751225
0.01751019
0.017508624
0.017336631
