0.024018515
0.023874296
0.023665812
0.02328155
0.02218805
0.021452632
0.020906571
0.020859037
0.020830192
0.020701125
0.02069088
0.020641414
0.020460121
0.020435605
0.020413725
0.020250274
0.020167487
0.0200997
0.02007359
0.019917056
0.019906664
0.019828005
0.019788086
0.019774336
0.019759323
0.019747118
0.01969785
0.019658837
0.019591056
0.019475067
0.019451339
0.019441362
0.019407103
0.019377632
0.019331742
0.019244676
0.019184852
0.019070383
0.019063357
0.01887973
0.018878018
0.01887153
0.018868087
0.018750655
0.018722838
0.018707735
0.018462306
0.018244753
0.017980129
0.017907783
