0.040619515
0.034825284
0.02919367
0.028792342
0.028727341
0.028493566
0.025248298
0.023173148
0.022595216
0.022386787
0.021747114
0.021441469
0.020420533
0.020275896
0.019922556
0.019814331
0.019181363
0.019145958
0.01853631
0.01848603
0.018440705
0.018435424
0.018382283
0.018338824
0.018126598
0.018111207
0.018060481
0.017987128
0.017957494
0.017945772
0.017834842
0.017818624
0.017380755
0.01737019
0.01734884
0.017216198
0.017195214
0.017124573
0.016957726
0.016746433
0.016624913
0.016571047
0.016446574
0.016437078
0.016218783
0.016166503
0.016157607
0.016015159
0.015864098
0.015692133
