0.028039623
0.025400683
0.023339117
0.023197588
0.02268871
0.022670886
0.022232214
0.022122465
0.022045612
0.022017399
0.021957265
0.021479703
0.020822385
0.02080375
0.02047639
0.020467307
0.020007916
0.019905584
0.019824555
0.01980827
0.019776635
0.019613579
0.01940573
0.019358935
0.019310018
0.0192057
0.019133884
0.019113803
0.019034395
0.019028949
0.018856015
0.018781023
0.018714553
0.018688882
0.01867368
0.018600635
0.018577283
0.018573323
0.018555842
0.018530674
0.018515732
0.018391278
0.018363886
0.018289216
0.018086113
0.018051116
0.017945379
0.017876338
0.017837066
0.017802957
