0.023858676
0.021823952
0.0211045
0.020781403
0.020661429
0.020631317
0.020547478
0.02054574
0.020316517
0.020311747
0.020307954
0.020249452
0.020185586
0.020092044
0.020063866
0.020060502
0.019989774
0.019981662
0.019968748
0.019964322
0.01995495
0.01995436
0.01994523
0.019939354
0.019888248
0.019863278
0.019826332
0.019824129
0.01980993
0.019701248
0.01965988
0.01965338
0.019630834
0.019625526
0.01962368
0.019583773
0.019581236
0.019568238
0.019563142
0.019549796
0.019475695
0.019451758
0.019441783
0.019427925
0.019398136
0.019349368
0.01934573
0.019337308
0.01929088
0.019288119
