0.035641145
0.027348941
0.02404801
0.023887957
0.022251202
0.022031324
0.021574998
0.021568554
0.02117995
0.021142073
0.020720804
0.020475488
0.02045136
0.019986916
0.0199522
0.019895382
0.019820152
0.019735713
0.019732254
0.019728664
0.019680211
0.019275242
0.01912747
0.019108003
0.019076964
0.01889173
0.018817091
0.018790174
0.018742496
0.018739983
0.01871062
0.018674433
0.018674295
0.0186373
0.01860682
0.018590763
0.018530967
0.01849465
0.018464692
0.018415013
0.018402163
0.018370224
0.01833978
0.018299917
0.018258017
0.018233363
0.018226404
0.01822365
0.01821836
0.018206067
