0.027243765
0.02454595
0.02307348
0.022568075
0.02253249
0.022069257
0.02203229
0.021703098
0.021512533
0.021447653
0.021089759
0.020771373
0.020602515
0.020390514
0.020139579
0.020030104
0.01994499
0.01993896
0.019842098
0.019822842
0.019759828
0.019667102
0.019529255
0.019491497
0.019486347
0.019441912
0.019348929
0.019252913
0.01919596
0.019122615
0.019078441
0.018972583
0.018970767
0.01896665
0.018857358
0.018818963
0.018754425
0.018747352
0.018728655
0.018715251
0.01870581
0.018703911
0.018600613
0.018595988
0.018581212
0.018574417
0.018513415
0.018511502
0.01850759
0.018497363
