4.666666666666667
1.0
1.0
4.666666666666667
4.333333333333333
4.666666666666667
4.166666666666667
1.0
4.666666666666667
4.333333333333333
4.666666666666667
4.666666666666667
4.666666666666667
4.666666666666667
4.0
1.0
3.5
3.5
3.3333333333333335
1.0
3.3333333333333335
4.333333333333333
4.0
4.0
4.666666666666667
4.0
4.333333333333333
4.666666666666667
4.333333333333333
4.5
3.6666666666666665
4.166666666666667
4.0
4.166666666666667
4.5
1.0
4.166666666666667
1.0
4.666666666666667
4.166666666666667
4.333333333333333
4.166666666666667
4.0
4.333333333333333
4.5
4.166666666666667
3.6666666666666665
4.666666666666667
4.333333333333333
4.333333333333333
