0.022890167
0.0220993
0.021960435
0.021531543
0.021371175
0.021164527
0.021150984
0.021104414
0.02070735
0.020627305
0.020483743
0.020396456
0.020388179
0.02030745
0.020219909
0.020157276
0.020105636
0.019853702
0.01985357
0.019841114
0.019738942
0.019726599
0.01968207
0.019679507
0.019654762
0.019651812
0.019599577
0.019596176
0.01958804
0.019582279
0.019578421
0.019569058
0.01943826
0.019438148
0.01943019
0.01941742
0.019413773
0.019394154
0.019367078
0.0193632
0.01934735
0.01934662
0.01933795
0.019324468
0.019321159
0.019313456
0.019284382
0.019247927
0.019184088
0.019168977
