0.021534147
0.021487536
0.021335563
0.021022733
0.02062003
0.020591687
0.02047211
0.02043469
0.020364294
0.020344432
0.020334257
0.0201492
0.020124722
0.02009713
0.020086166
0.020082798
0.020075552
0.01995562
0.019954626
0.019902686
0.019896183
0.019859958
0.019859742
0.01984306
0.01983164
0.019823616
0.01978474
0.019770924
0.019752108
0.019741205
0.019737784
0.01973026
0.019723594
0.019704953
0.019703029
0.019699851
0.019667976
0.019663552
0.019631775
0.019626869
0.019625252
0.01962191
0.0196215
0.019609848
0.01960808
0.01960802
0.019603226
0.019577384
0.019555163
0.0195468
