0.03609715
0.035346232
0.02963775
0.027655274
0.0245514
0.024436899
0.023177233
0.021953667
0.021908514
0.021840543
0.021124335
0.021119423
0.020872174
0.020639043
0.020596221
0.02043241
0.020304617
0.019859228
0.019857012
0.0189703
0.018917102
0.01888242
0.018871784
0.018814636
0.01871659
0.018618187
0.018608019
0.018534854
0.018520381
0.018443907
0.01838734
0.018364051
0.017997129
0.017922651
0.017753983
0.01769225
0.017465675
0.017263679
0.0171227
0.017089546
0.017077299
0.016919902
0.016751105
0.01661795
0.016554423
0.016466077
0.01635572
0.016311223
0.016292501
0.016287504
