0.028075034
0.025974685
0.025144955
0.024854444
0.023054332
0.02283653
0.022482308
0.02234202
0.021766743
0.021584094
0.021168122
0.021032887
0.020608261
0.0204709
0.020211063
0.02006812
0.020064406
0.020001106
0.01999335
0.01977387
0.01962203
0.019599432
0.019528937
0.019408962
0.019384677
0.019315878
0.019242909
0.019012054
0.018892428
0.018875118
0.018865114
0.018863723
0.018761931
0.018755589
0.018745217
0.018519806
0.018509677
0.018444162
0.018424733
0.018360062
0.018212797
0.018204816
0.018193072
0.018187424
0.017918061
0.017842442
0.017818179
0.017777182
0.01763227
0.01757411
