0.021922654
0.021679081
0.02151418
0.021462882
0.020881495
0.020754965
0.02066829
0.020542867
0.020487333
0.020413283
0.020330217
0.0203287
0.020281289
0.020108808
0.019993065
0.019977488
0.019969014
0.019945221
0.019888734
0.019882016
0.019868867
0.019812942
0.01979679
0.019775746
0.019755889
0.019749122
0.019742519
0.019742515
0.019723684
0.019721014
0.019715542
0.019706275
0.019701416
0.019686684
0.019677505
0.019673534
0.019672452
0.019611925
0.019569378
0.01956912
0.019518757
0.019514797
0.019504791
0.019497532
0.019485973
0.019476343
0.01945379
0.019429868
0.019408645
0.01940503
