0.034433622
0.031275295
0.029874014
0.028469833
0.02755469
0.023891535
0.022468848
0.022413783
0.022231523
0.021527665
0.020998007
0.020963617
0.020591848
0.020368297
0.020266801
0.019992858
0.019765254
0.019194184
0.019183658
0.01909108
0.018825287
0.018767796
0.018693216
0.018630644
0.01860974
0.018543202
0.018498745
0.018298805
0.018277401
0.018265458
0.018204149
0.018173136
0.018171443
0.018065311
0.017916398
0.01775064
0.017740404
0.017525414
0.017393054
0.017375454
0.017295297
0.017245697
0.017242294
0.017238976
0.017237002
0.017149786
0.017144704
0.017085804
0.017071992
0.017006334
