0.024273008
0.023458365
0.023328034
0.023229798
0.02272838
0.022042587
0.02181825
0.021567449
0.021519324
0.021386398
0.021356637
0.020905545
0.020492593
0.020424932
0.020276496
0.020096455
0.02004068
0.01998517
0.019827664
0.019825744
0.01979731
0.01978656
0.019644074
0.019619903
0.019588478
0.019507904
0.019429976
0.01933851
0.019332346
0.019323356
0.019289786
0.01926367
0.01926078
0.01923425
0.019099131
0.01907738
0.019020634
0.018945111
0.018864902
0.018722503
0.018693246
0.0186761
0.018596707
0.018593337
0.018540906
0.018519577
0.018457463
0.018453503
0.018397842
0.01834121
