0.031676874
0.025788838
0.023847312
0.023629751
0.02335978
0.023270695
0.022965841
0.022543553
0.022043347
0.021527624
0.021387972
0.021255255
0.02034831
0.02034343
0.020291157
0.019817343
0.019761827
0.019741956
0.019728951
0.019629456
0.019482637
0.019448696
0.019445172
0.019425157
0.019246351
0.01917479
0.019094877
0.01902047
0.01894409
0.01892817
0.01892538
0.018676944
0.018630447
0.018627977
0.018517628
0.018511882
0.018424988
0.018378075
0.018293438
0.018287256
0.018261077
0.018249482
0.018221293
0.0181478
0.018045831
0.017928448
0.017836206
0.017806811
0.017534537
0.017524868
