0.031101331
0.027567679
0.025804384
0.023784645
0.023487335
0.02346642
0.023246262
0.023179166
0.022131369
0.021300716
0.02092179
0.020587781
0.020559803
0.02038906
0.020180142
0.020007122
0.019770257
0.019665923
0.019356716
0.019314831
0.0192549
0.01918359
0.018895317
0.01889012
0.018845031
0.018711349
0.018593213
0.01857811
0.018560793
0.01855121
0.018526018
0.01851044
0.01848375
0.01847019
0.018455537
0.018423738
0.018413119
0.01839682
0.018389313
0.018338064
0.018295044
0.0182645
0.018245073
0.018236788
0.018193183
0.018159982
0.018114848
0.018071987
0.018065078
0.01806016
