0.033236235
0.02852397
0.025906056
0.025494963
0.02441641
0.024019914
0.023713091
0.022811782
0.02261421
0.022276761
0.02196329
0.021566926
0.02025618
0.02017137
0.020115683
0.019798532
0.01978662
0.019736338
0.019581966
0.019465894
0.019376079
0.01935516
0.019238222
0.019107739
0.01900807
0.019005038
0.018981477
0.018740801
0.018667767
0.018579602
0.01829934
0.018256994
0.018196872
0.01815145
0.018029273
0.017977627
0.01796684
0.017897166
0.017862722
0.017845822
0.017738009
0.017721482
0.017710133
0.017662123
0.017295573
0.01722775
0.017202955
0.017192783
0.017141765
0.017107219
