0.022618325
0.022331385
0.021839162
0.021638282
0.021521743
0.021334093
0.021278812
0.020937702
0.02060293
0.020432057
0.020420834
0.02039426
0.020270083
0.02023584
0.020146275
0.020084696
0.019952435
0.01994595
0.019942569
0.01992451
0.019820247
0.019767743
0.019708782
0.01970507
0.019691037
0.019665051
0.019654313
0.019647362
0.019641988
0.019624446
0.019621948
0.01960466
0.019513572
0.019509362
0.019484857
0.019387223
0.019385355
0.019373994
0.01935877
0.019340504
0.01932365
0.019306602
0.019290956
0.019281493
0.01926567
0.019263148
0.019259
0.019245967
0.019207971
0.019197293
