0.022332652
0.022112489
0.021175228
0.021104906
0.021077318
0.02070588
0.020604465
0.020579712
0.02044286
0.02040808
0.020388411
0.020348258
0.020339556
0.020300847
0.020189406
0.020088226
0.0200772
0.020041414
0.020031508
0.01997483
0.019932486
0.019881938
0.019873822
0.019867267
0.01982469
0.019778665
0.019763786
0.019738812
0.01972194
0.019715218
0.019710455
0.019670218
0.019664697
0.01966278
0.019654837
0.019637426
0.019626392
0.019529684
0.019515088
0.01950883
0.019420186
0.019415345
0.019402346
0.019383013
0.019359227
0.019323887
0.019302502
0.019282788
0.019274304
0.019234013
