0.027344504
0.025838932
0.022431541
0.022379087
0.02215696
0.021525297
0.021271603
0.020610925
0.02054314
0.020533469
0.02029566
0.02011253
0.020087639
0.020059535
0.020042967
0.019992752
0.019977912
0.019943483
0.01993035
0.019836804
0.0197558
0.01972188
0.019619577
0.019575361
0.019565886
0.01955177
0.019489272
0.019374082
0.019332742
0.019281369
0.01925999
0.019214187
0.019208334
0.019204114
0.019124677
0.019111738
0.019074356
0.019048171
0.019038493
0.019031249
0.019021671
0.018994736
0.018991863
0.018886592
0.018858602
0.018830996
0.01880982
0.018730143
0.018691247
0.01868616
