0.03014835
0.029535169
0.02810817
0.027672615
0.023167918
0.02243165
0.021222495
0.021152891
0.021107424
0.020559557
0.020552415
0.020364104
0.020319918
0.02019609
0.02016066
0.020115849
0.020074498
0.020025678
0.020005569
0.019669697
0.019645587
0.01951604
0.019426664
0.019249389
0.0192212
0.019103086
0.018914094
0.018803125
0.018757585
0.018692166
0.018605933
0.018401304
0.018400071
0.01838873
0.018386755
0.018367495
0.018323978
0.018299816
0.018159669
0.0180968
0.018042818
0.017969985
0.017930932
0.017910726
0.017910266
0.01785098
0.017783882
0.017764358
0.017745351
0.017740525
