0.023541983
0.02240568
0.022220245
0.021853104
0.021837207
0.021627523
0.0212346
0.021228973
0.021197444
0.021142632
0.02092043
0.02087566
0.020764263
0.020613834
0.020486528
0.020479878
0.02046817
0.020372907
0.020218568
0.020133186
0.020055
0.019943526
0.019920863
0.019866973
0.01981366
0.019726697
0.019690612
0.019636335
0.019612152
0.019611746
0.019470597
0.019462446
0.019427525
0.019421699
0.019412544
0.019154498
0.01913533
0.019065263
0.019028284
0.018867124
0.018848654
0.01884107
0.018786259
0.01865917
0.018587297
0.018540788
0.018504143
0.018500542
0.018404026
0.018382415
