0.022589553
0.021710599
0.02157808
0.021513036
0.021308368
0.021288902
0.02117038
0.021100454
0.021002626
0.020740611
0.020337684
0.020273253
0.02025644
0.02025009
0.020171523
0.02007604
0.020066906
0.019994957
0.019974072
0.019794667
0.019787868
0.019758394
0.019752719
0.019704802
0.019671805
0.019649837
0.019643879
0.01962366
0.019620119
0.01961254
0.01960413
0.019583348
0.019556886
0.019556738
0.019493936
0.01948607
0.019427624
0.019414902
0.019386232
0.01938245
0.019363642
0.019361256
0.01934105
0.019340232
0.019324195
0.01931352
0.019298228
0.019262372
0.01925232
0.01922705
