0.02248956
0.021711076
0.021543862
0.02137807
0.02137073
0.020876525
0.020859675
0.02054722
0.020542704
0.02050073
0.020397667
0.02036738
0.020351514
0.02033923
0.020293038
0.0202509
0.02020679
0.020203453
0.020198489
0.020166915
0.020122597
0.020110076
0.020079248
0.020068947
0.020004867
0.019968916
0.019923568
0.019847317
0.01980885
0.0196989
0.01966175
0.019653982
0.01958054
0.019529147
0.019508863
0.01942231
0.01933713
0.019309651
0.01930792
0.019260738
0.019251361
0.019230668
0.019182563
0.019175349
0.019135227
0.019125154
0.019079419
0.019071948
0.018975291
0.018972157
