0.022021819
0.02147565
0.021199318
0.021185905
0.021079991
0.020973286
0.02053231
0.02051024
0.020507267
0.020495335
0.020465285
0.02044114
0.020311046
0.02025959
0.02025611
0.020214567
0.020213656
0.020194275
0.020193236
0.020135503
0.020131908
0.020013215
0.019995762
0.019967748
0.0198802
0.019838974
0.019834226
0.019802969
0.019786816
0.01978655
0.019774871
0.019690689
0.019640788
0.019612124
0.019574778
0.019496454
0.01943999
0.01941956
0.019399317
0.019382387
0.019379681
0.01937183
0.019348264
0.019299489
0.019294575
0.01928807
0.01925323
0.019240625
0.019213839
0.019175598
