1.9166666666666667
2.0833333333333335
1.6666666666666667
1.4166666666666667
2.0833333333333335
1.9166666666666667
1.9166666666666667
1.1666666666666667
1.6666666666666667
0.9166666666666666
1.1666666666666667
1.9166666666666667
1.9166666666666667
1.6666666666666667
1.4166666666666667
1.9166666666666667
1.6666666666666667
2.0
1.9166666666666667
0.75
2.0833333333333335
1.4166666666666667
1.6666666666666667
1.9166666666666667
2.0833333333333335
0.75
1.9166666666666667
2.0833333333333335
1.9166666666666667
2.0833333333333335
0.9166666666666666
2.0833333333333335
2.0833333333333335
1.6666666666666667
2.0
1.6666666666666667
2.0833333333333335
1.4166666666666667
2.0833333333333335
1.9166666666666667
1.4166666666666667
1.9166666666666667
2.0833333333333335
2.0833333333333335
1.6666666666666667
1.25
1.9166666666666667
2.0833333333333335
2.0
1.9166666666666667
