0.034595914
0.02631773
0.025556656
0.024813034
0.023660108
0.023294548
0.022588888
0.022296425
0.022250734
0.022164484
0.022127476
0.021921976
0.021900618
0.021310039
0.02099217
0.020461934
0.019972065
0.019629976
0.019545268
0.019435598
0.019407975
0.019091988
0.019063005
0.019056236
0.01900971
0.0188958
0.01888644
0.0188246
0.018722719
0.01860764
0.018512229
0.018444961
0.018416245
0.018387347
0.018209865
0.018155824
0.018059444
0.017950045
0.01780715
0.017761486
0.017574571
0.017511018
0.017404696
0.017394176
0.017385768
0.017349025
0.017346311
0.01731239
0.01730931
0.01730642
