0.028022965
0.026968852
0.026222602
0.02324437
0.02320127
0.023047503
0.022079805
0.021959847
0.021560088
0.0215237
0.021288196
0.021250367
0.020560587
0.020367641
0.020230122
0.020204445
0.020202376
0.02018218
0.020171495
0.019674854
0.019643417
0.019611133
0.019389465
0.019337544
0.019314967
0.019313667
0.019172072
0.019094486
0.01909428
0.01904201
0.01902208
0.018633073
0.018557528
0.018494543
0.018430516
0.018380903
0.018347569
0.018271653
0.018257225
0.018240713
0.018176906
0.018154236
0.018153997
0.018114591
0.01807105
0.017996015
0.017991222
0.017968288
0.017923523
0.01783802
