3.2857142857142856
3.7142857142857144
3.857142857142857
3.2857142857142856
3.7142857142857144
3.857142857142857
0.8571428571428571
2.4285714285714284
2.857142857142857
2.857142857142857
0.8571428571428571
2.4285714285714284
1.5714285714285714
3.7142857142857144
3.2857142857142856
3.7142857142857144
3.7142857142857144
3.7142857142857144
3.4285714285714284
1.8571428571428572
3.7142857142857144
3.4285714285714284
3.4285714285714284
3.7142857142857144
3.142857142857143
3.7142857142857144
3.2857142857142856
1.5714285714285714
3.4285714285714284
3.2857142857142856
3.5714285714285716
3.5714285714285716
3.7142857142857144
3.7142857142857144
3.7142857142857144
3.5714285714285716
3.7142857142857144
1.8571428571428572
3.7142857142857144
3.142857142857143
3.4285714285714284
3.2857142857142856
3.7142857142857144
3.2857142857142856
3.7142857142857144
3.4285714285714284
3.2857142857142856
3.2857142857142856
3.7142857142857144
3.4285714285714284
