0.026594365
0.023456352
0.022201806
0.022164283
0.021677408
0.021634884
0.021423617
0.02137805
0.020989703
0.020839252
0.020703359
0.020668553
0.020586722
0.020408176
0.020277832
0.020123227
0.020069106
0.020048438
0.019889744
0.01981161
0.019645445
0.019564718
0.019546958
0.01949659
0.019491836
0.019419264
0.019401267
0.019290563
0.019281264
0.019274479
0.019244771
0.019239608
0.01921775
0.019124795
0.019107526
0.019106846
0.019093843
0.019083394
0.01904383
0.019035714
0.019019384
0.019009938
0.018966453
0.018958176
0.018939178
0.01892958
0.018910164
0.018894885
0.018868718
0.018846601
