0.026930526
0.024990343
0.024161153
0.022727279
0.022452626
0.022311611
0.022204265
0.021633577
0.021239929
0.0210952
0.021061245
0.020844918
0.020800369
0.020686569
0.020612698
0.020442715
0.02037511
0.020308435
0.020183245
0.020000491
0.019900816
0.019900084
0.019841572
0.019751165
0.019479768
0.019411357
0.01932636
0.019293558
0.019271275
0.019163357
0.019156482
0.019065212
0.01888534
0.01885704
0.01881096
0.018748622
0.018724227
0.018656429
0.018590018
0.018551484
0.018551182
0.018398339
0.018259117
0.018192666
0.018087765
0.018081337
0.01806592
0.018060485
0.017961176
0.017894559
