0.023143293
0.022643019
0.022088235
0.022066614
0.021806728
0.021755777
0.02148825
0.021426002
0.021141477
0.020963283
0.020901397
0.020848285
0.020818999
0.02069427
0.020658322
0.020609228
0.020580815
0.020466391
0.02026286
0.020055983
0.020022534
0.019813232
0.01978022
0.019775674
0.01975063
0.019734593
0.01966308
0.01951229
0.019475803
0.019442251
0.019428346
0.019357879
0.019354783
0.019322501
0.019133769
0.019121341
0.019060725
0.0190299
0.018936926
0.018935144
0.01893267
0.018927963
0.018819198
0.018783756
0.018685993
0.018664101
0.018621841
0.018550262
0.01847421
0.018469121
