0.023031423
0.022353586
0.022062933
0.02192957
0.021312717
0.021181725
0.021103982
0.021064423
0.021036929
0.02047667
0.02042948
0.02028788
0.02020478
0.020170618
0.020076105
0.019956486
0.01994636
0.019946108
0.019905858
0.019849418
0.019787727
0.019729983
0.019685635
0.019667074
0.019666113
0.019623423
0.019621959
0.019561037
0.019540831
0.019538242
0.019527214
0.019492486
0.019476462
0.019436765
0.019431366
0.01941505
0.019402465
0.019395826
0.019380923
0.019373488
0.019365264
0.019357678
0.01931959
0.01931475
0.019302122
0.01928026
0.019258717
0.01924711
0.019239243
0.019234184
