0.023694696
0.022674697
0.022484366
0.022093654
0.021696001
0.021062536
0.021019856
0.020925041
0.020581473
0.020543378
0.020455366
0.02029954
0.02021721
0.020202262
0.020169636
0.02008575
0.020080816
0.01993993
0.01987533
0.019805152
0.019802196
0.019758804
0.019736458
0.019692637
0.019658925
0.01963959
0.019601963
0.019601509
0.01959843
0.019569542
0.019526916
0.019473083
0.019456558
0.019451937
0.019444624
0.01944134
0.019435322
0.019361574
0.01933415
0.019274525
0.019214131
0.019172844
0.019169806
0.019157618
0.019123053
0.019109458
0.019096868
0.019086856
0.019052569
0.019049989
