1.3846153846153846
1.3846153846153846
1.4615384615384615
1.1538461538461537
0.7692307692307693
1.2307692307692308
1.0769230769230769
1.1538461538461537
1.2307692307692308
1.0769230769230769
1.3846153846153846
1.1538461538461537
1.3846153846153846
1.1538461538461537
1.3846153846153846
1.3846153846153846
1.3076923076923077
0.7692307692307693
1.3846153846153846
1.2307692307692308
1.3846153846153846
1.3846153846153846
1.3846153846153846
1.1538461538461537
1.3846153846153846
1.3846153846153846
1.3846153846153846
1.4615384615384615
1.3076923076923077
1.3846153846153846
1.1538461538461537
1.3076923076923077
1.3846153846153846
1.3846153846153846
1.3846153846153846
1.3846153846153846
1.3846153846153846
1.3076923076923077
0.9230769230769231
1.5384615384615385
1.1538461538461537
0.5384615384615384
1.0769230769230769
1.3076923076923077
0.46153846153846156
1.3076923076923077
1.4615384615384615
1.4615384615384615
1.3846153846153846
1.2307692307692308
