2.857142857142857
0.8571428571428571
3.2857142857142856
0.8571428571428571
0.7142857142857143
1.8571428571428572
0.8571428571428571
0.8571428571428571
2.857142857142857
3.142857142857143
2.5714285714285716
2.857142857142857
3.0
3.2857142857142856
0.8571428571428571
2.5714285714285716
0.8571428571428571
3.2857142857142856
3.0
3.2857142857142856
0.7142857142857143
2.857142857142857
3.0
3.142857142857143
3.142857142857143
1.0
3.142857142857143
3.142857142857143
3.2857142857142856
3.0
3.0
3.0
3.142857142857143
3.142857142857143
3.142857142857143
3.2857142857142856
3.142857142857143
2.857142857142857
3.2857142857142856
2.857142857142857
3.2857142857142856
3.142857142857143
3.142857142857143
2.4285714285714284
3.0
2.2857142857142856
3.142857142857143
3.2857142857142856
3.0
1.0
