0.025787102
0.023554709
0.022271525
0.022046361
0.021619394
0.02135182
0.021104963
0.02109359
0.02085372
0.020514539
0.020511663
0.020432286
0.020337632
0.020236587
0.020228421
0.020222072
0.020219283
0.02013856
0.020136615
0.020103741
0.019895084
0.019841615
0.019838018
0.019774845
0.019748311
0.019733336
0.019595144
0.019562539
0.019520773
0.019472085
0.019322611
0.019293278
0.01928509
0.019276418
0.019240953
0.019162491
0.019142669
0.019119484
0.019085124
0.019031787
0.019030038
0.0189941
0.018973337
0.018912518
0.018843666
0.018841181
0.01882321
0.018722925
0.018593071
0.018559681
