0.026433881
0.023133194
0.023019865
0.022928817
0.022907756
0.022821011
0.022111269
0.021938095
0.021717407
0.02159123
0.021063548
0.020791104
0.020749012
0.020630395
0.02061176
0.020245299
0.02015718
0.020094138
0.0200855
0.020057578
0.019930543
0.01990084
0.01980249
0.01963005
0.019608723
0.019561348
0.019533502
0.019253768
0.01924241
0.019224992
0.01918633
0.019181004
0.01910608
0.019063577
0.018985866
0.018885292
0.018658802
0.018653307
0.018620512
0.018596355
0.018387625
0.018328076
0.0183064
0.018243369
0.018240664
0.018223159
0.018191053
0.018179106
0.018173404
0.018013362
