0.022702506
0.022480313
0.022238674
0.021882148
0.02156231
0.021290563
0.021173056
0.020999024
0.020751495
0.020605922
0.02050517
0.020327063
0.02022736
0.020029716
0.019925823
0.019923365
0.019870102
0.019869357
0.019847853
0.01982658
0.019825056
0.019781858
0.019764705
0.019762263
0.019687505
0.019686688
0.019646382
0.019635715
0.01962964
0.019629462
0.019571278
0.019555045
0.019493092
0.019475335
0.019425346
0.019380318
0.019345682
0.019335523
0.019326989
0.019314434
0.019308532
0.019301753
0.0193006
0.01926893
0.019266725
0.019264324
0.019261003
0.019257678
0.019248666
0.019210983
