0.022910906
0.022668162
0.022400616
0.022252653
0.022172887
0.021188729
0.021043617
0.020986268
0.020974968
0.020957153
0.020849474
0.020826746
0.020792376
0.020728137
0.020714616
0.020294672
0.020272147
0.020218253
0.020175152
0.020106452
0.020096343
0.020090237
0.020017294
0.019956972
0.019899117
0.019830888
0.019780638
0.01971911
0.019570665
0.0195341
0.019517852
0.019409528
0.01933804
0.019282926
0.019243313
0.019159447
0.019114783
0.019092463
0.019074561
0.01898678
0.018976891
0.018765112
0.018709127
0.018697549
0.018676413
0.018672395
0.018671378
0.018535374
0.018528562
0.018518198
