0.031208307
0.02549447
0.025212679
0.024968091
0.02392937
0.022423327
0.021556128
0.02129962
0.020774467
0.020761931
0.020626737
0.020421846
0.020274635
0.02024107
0.020135319
0.020009259
0.0198955
0.019869234
0.019703934
0.019680617
0.019623794
0.01938518
0.019325636
0.019288018
0.019238384
0.019233655
0.019187046
0.019144995
0.019136244
0.019133978
0.019097904
0.018907068
0.018906893
0.018847868
0.018824587
0.018737797
0.018626662
0.018528327
0.018519903
0.018484406
0.018450566
0.018346254
0.01827209
0.018224448
0.018198624
0.018066986
0.01802183
0.017967805
0.017945033
0.017841488
