0.03125018
0.02953241
0.029527424
0.025645647
0.025105838
0.024314288
0.023519943
0.023077963
0.022855101
0.022661408
0.022487244
0.02188954
0.021254383
0.020713704
0.020098364
0.02006854
0.020046424
0.019762931
0.019487524
0.019448357
0.019235868
0.019164272
0.01899729
0.018902374
0.018671587
0.018451564
0.018308127
0.018260976
0.018254837
0.018202115
0.018119466
0.017997539
0.017977595
0.017912542
0.017888747
0.017706841
0.017704824
0.017683597
0.017678607
0.017664064
0.017514529
0.017489033
0.017408855
0.017348673
0.017296858
0.017286232
0.017165173
0.017142866
0.016978648
0.01683905
