0.023349367
0.023114255
0.021711256
0.02140217
0.021046108
0.021039207
0.02047124
0.020447753
0.020361235
0.020306695
0.02017306
0.02016212
0.020103198
0.020090193
0.020030752
0.020023426
0.020005725
0.020004679
0.019958207
0.019910172
0.01989627
0.019819075
0.01977616
0.019762976
0.019744933
0.019722374
0.019718759
0.019711912
0.019670883
0.019629234
0.019592538
0.019580796
0.019574333
0.0195676
0.019549396
0.019543072
0.019540837
0.019503487
0.019450933
0.01944481
0.019444635
0.019429695
0.019425455
0.0193762
0.0193346
0.019326583
0.019321514
0.019318102
0.019279685
0.019232346
