0.023461165
0.022785235
0.022094868
0.021630693
0.02147674
0.02116773
0.020884916
0.020850452
0.020786293
0.020645993
0.020431243
0.020356027
0.020348853
0.020323627
0.020305062
0.020264177
0.020260636
0.020159023
0.020155413
0.020140324
0.019991027
0.01998911
0.019987237
0.01995773
0.019811325
0.019788617
0.019689014
0.019630933
0.01961974
0.019617427
0.019583981
0.0195696
0.019508535
0.019409092
0.019327508
0.019301986
0.01927987
0.019221272
0.019165784
0.01911585
0.019102056
0.019071667
0.019056099
0.019041153
0.019028872
0.018967006
0.018965898
0.018905336
0.01888971
0.018878002
