0.031429328
0.0231652
0.022842404
0.022795698
0.022662038
0.022502793
0.022241797
0.022166843
0.021895783
0.021073239
0.020980714
0.020977946
0.020896824
0.02057456
0.020379657
0.020330137
0.020318815
0.020243268
0.020113684
0.019942962
0.019853543
0.019615522
0.01956361
0.01954363
0.019470591
0.019429794
0.01927695
0.01912634
0.019089589
0.019051734
0.019022502
0.018977394
0.018957507
0.018807307
0.018722763
0.018636532
0.018607788
0.018483028
0.018438544
0.018423043
0.018386036
0.01836182
0.018299246
0.018167749
0.018167408
0.0181479
0.018056037
0.017961353
0.01795712
0.017863875
