0.027354347
0.026975041
0.026146878
0.022920849
0.022531096
0.022385728
0.021962015
0.021959782
0.021892844
0.021448154
0.021435073
0.02127403
0.020967158
0.020890342
0.02031654
0.020289697
0.020258497
0.020153029
0.020122202
0.020019181
0.019906014
0.019789783
0.019765768
0.019413823
0.019398784
0.019252576
0.01920229
0.01912783
0.019099535
0.018876178
0.01878763
0.018717116
0.018689588
0.018567698
0.018526796
0.018521098
0.018488811
0.018349819
0.01822253
0.01821193
0.018148223
0.018124094
0.018119762
0.018018147
0.017973874
0.017963568
0.017923964
0.017848736
0.017831806
0.017829781
