0.02281956
0.02246304
0.02167126
0.021502258
0.021047113
0.021012694
0.020927206
0.020924218
0.020918516
0.020910207
0.020841803
0.020704316
0.020679498
0.020638239
0.020380333
0.020353239
0.020343017
0.020335652
0.02028365
0.020262687
0.02019655
0.020170255
0.02014356
0.020029454
0.019989815
0.0198905
0.019876434
0.019823838
0.01971205
0.019660901
0.019517139
0.019488174
0.019428404
0.019408587
0.01933454
0.019207958
0.01910136
0.019084107
0.019072441
0.019071588
0.019069023
0.019011267
0.018997168
0.018995991
0.018976757
0.01890542
0.018840589
0.018719198
0.01866874
0.018589607
