0.027844746
0.025531266
0.023500014
0.02321609
0.022640154
0.022353794
0.02220639
0.021984633
0.021623807
0.021218127
0.021089751
0.020988425
0.02090184
0.020458575
0.020451516
0.020394359
0.019787723
0.019787064
0.019614698
0.019496668
0.019483812
0.019428395
0.019346772
0.01926983
0.019176546
0.019158937
0.019116793
0.019089896
0.019069899
0.019026194
0.018964479
0.018918127
0.018902136
0.018856127
0.01881473
0.018738864
0.018694248
0.018652577
0.01864653
0.018629596
0.018629344
0.018614994
0.01858412
0.018557211
0.018535174
0.018525815
0.018429773
0.018377483
0.018341644
0.018330242
