0.022335738
0.021731608
0.02170767
0.02154515
0.021063702
0.02071847
0.020671481
0.020629706
0.020441525
0.020263905
0.020234903
0.02022804
0.020217989
0.020012759
0.0199633
0.019951003
0.01994893
0.019927677
0.019880937
0.019866752
0.019864023
0.019858032
0.019849923
0.019815892
0.019798163
0.019770632
0.019766163
0.019754807
0.01974081
0.019715022
0.019699259
0.01965431
0.019636959
0.019629136
0.019618103
0.019616684
0.01957093
0.019565294
0.019532854
0.019524094
0.019514415
0.019505482
0.019499924
0.019499844
0.019468121
0.019462945
0.01944687
0.019442867
0.019423503
0.019413723
