0.024705969
0.023247853
0.022578835
0.022381388
0.02134213
0.021117063
0.02105658
0.021037731
0.020936273
0.02080306
0.02072812
0.020592928
0.020491185
0.020434536
0.020261697
0.020171458
0.020074824
0.020071741
0.020005284
0.019992623
0.01995417
0.019785738
0.019771634
0.019722564
0.019674042
0.019619139
0.01951343
0.019509694
0.019503025
0.019476524
0.019425124
0.019324869
0.019261975
0.01919809
0.019196363
0.019170238
0.019166572
0.01912805
0.019104091
0.019059135
0.019053068
0.019000825
0.018972583
0.018969307
0.018951504
0.018942298
0.018937094
0.018899351
0.018841278
0.018837033
