0.027917933
0.02764039
0.024821887
0.024051046
0.023856979
0.02343828
0.023330316
0.0228412
0.022373946
0.022052065
0.021561528
0.021286732
0.021053532
0.021007782
0.020832762
0.02062762
0.02039347
0.020387094
0.020167336
0.019898824
0.019768164
0.019721601
0.019675167
0.019230347
0.019213904
0.01894263
0.018937467
0.018788489
0.01874663
0.018606646
0.018541524
0.018516254
0.018355284
0.018256899
0.018244509
0.018214444
0.018213658
0.018172449
0.01814898
0.017837131
0.017808361
0.017764619
0.017755307
0.017659694
0.017615931
0.017585233
0.017576965
0.017539583
0.017511657
0.017509742
