0.02341786
0.023198038
0.0231917
0.022512335
0.022446187
0.02153185
0.021318572
0.021031683
0.020664148
0.020609105
0.020572431
0.020510856
0.02035235
0.02030645
0.020153757
0.020113258
0.020112455
0.020050108
0.020002674
0.019903285
0.019869441
0.019824984
0.019810673
0.019797092
0.019724585
0.019679058
0.019535955
0.01942237
0.019401802
0.019397886
0.01937427
0.01936847
0.019360175
0.019345867
0.019273346
0.019268172
0.01921873
0.019214017
0.019139351
0.019049514
0.019045847
0.01900884
0.01892664
0.018925063
0.018879963
0.01887973
0.018835064
0.018833341
0.018829491
0.018761184
