0.031867273
0.029499369
0.025482684
0.024774933
0.024271918
0.023970515
0.023894776
0.023869824
0.02378734
0.022641413
0.021652672
0.021213343
0.021212654
0.021043763
0.021024834
0.02067745
0.020017965
0.019970916
0.019835336
0.01963125
0.019511767
0.019456984
0.019312175
0.019229753
0.019124353
0.019030703
0.01868692
0.018603524
0.018376505
0.018215772
0.018168386
0.017985238
0.017953742
0.017834332
0.017760364
0.01775336
0.017662732
0.017631954
0.017533371
0.01753011
0.017486336
0.017386049
0.017316697
0.017278463
0.017275738
0.017244998
0.017155033
0.017122108
0.017046442
0.01698591
