0.027757306
0.024679068
0.024144365
0.023310443
0.022986248
0.022865538
0.022492534
0.02178182
0.02132532
0.02082449
0.020657701
0.020551402
0.020517817
0.020369695
0.020202655
0.020155706
0.020126171
0.020091059
0.019991983
0.019874534
0.019840112
0.01979003
0.019550906
0.019496055
0.01939543
0.019381199
0.019342247
0.019331308
0.019182868
0.01914756
0.01910516
0.01896625
0.01896563
0.018912794
0.018842448
0.018819176
0.018812042
0.018799499
0.018633846
0.018559854
0.018530913
0.018480651
0.018460447
0.018432705
0.018313441
0.018294409
0.01816639
0.017987179
0.017898504
0.017855091
