0.026624737
0.025259944
0.025212936
0.024950711
0.023418698
0.02285485
0.022118201
0.022008056
0.021676337
0.021479482
0.021198448
0.021007929
0.020803096
0.020655507
0.020280784
0.020146465
0.019920293
0.019916484
0.019842518
0.019602576
0.019518126
0.01943409
0.019419163
0.019399585
0.019207133
0.019200519
0.019142823
0.019072596
0.01901761
0.018979624
0.01895536
0.01895017
0.01893533
0.01893038
0.018673599
0.018617408
0.018609175
0.018564865
0.01849106
0.018488938
0.01841894
0.018416295
0.018319169
0.01818027
0.018106434
0.018092873
0.018044563
0.01798851
0.01796377
0.0178836
