0.023806136
0.02370072
0.023388112
0.023025734
0.022939175
0.022931287
0.022907667
0.022431312
0.022046108
0.022045486
0.0218711
0.021690266
0.020936413
0.020846812
0.020843435
0.020750822
0.020750523
0.020670611
0.020634161
0.020488448
0.020426944
0.020055018
0.020050906
0.019863775
0.019840006
0.019606687
0.019573426
0.019495243
0.019174442
0.018939799
0.018769104
0.018740857
0.018738337
0.018654166
0.018624587
0.018601598
0.018588636
0.018473677
0.018357525
0.018299112
0.018290194
0.018058658
0.017999237
0.017978387
0.01781131
0.01772085
0.017704986
0.017629609
0.017616138
0.0176124
