0.027955312
0.026563862
0.02652289
0.026192775
0.024198797
0.023156485
0.022765473
0.02228605
0.021638371
0.021545036
0.020519404
0.020402724
0.02031507
0.020208588
0.020136222
0.01994643
0.019898368
0.019815993
0.019754848
0.019682752
0.019660197
0.019656792
0.019642785
0.019563405
0.019395689
0.019374918
0.019309686
0.01929089
0.019104376
0.018947182
0.018894657
0.018812044
0.018745685
0.018649895
0.018621549
0.018438794
0.01842706
0.018418593
0.018169118
0.018019691
0.017958492
0.017940521
0.017884435
0.01777714
0.017705787
0.01770389
0.017692572
0.017642729
0.017531201
0.017514748
