0.02409377
0.023245264
0.023147697
0.023111219
0.022250595
0.021856215
0.021788122
0.021323973
0.021226665
0.021201398
0.021173649
0.021151582
0.0207757
0.02064019
0.020288588
0.02025549
0.020206641
0.020102715
0.020081947
0.02004471
0.019911002
0.01989533
0.019854048
0.019663153
0.019592665
0.019537006
0.019455757
0.019381395
0.019358752
0.019319888
0.01929613
0.019290226
0.019179178
0.019147675
0.019102791
0.019020159
0.018978255
0.018943913
0.018886948
0.018865803
0.018750932
0.01868646
0.018592265
0.018588517
0.018579632
0.018555574
0.018475609
0.01839111
0.01837855
0.018355118
