0.0
0.1111111111111111
0.2222222222222222
0.1111111111111111
0.1111111111111111
0.1111111111111111
0.1111111111111111
0.1111111111111111
1.0
0.2222222222222222
0.1111111111111111
0.1111111111111111
0.1111111111111111
0.2222222222222222
0.2222222222222222
0.1111111111111111
0.1111111111111111
0.1111111111111111
0.2222222222222222
0.1111111111111111
0.1111111111111111
0.1111111111111111
0.1111111111111111
0.1111111111111111
0.1111111111111111
0.2222222222222222
0.1111111111111111
0.3333333333333333
0.1111111111111111
0.3333333333333333
0.2222222222222222
1.0
0.1111111111111111
0.3333333333333333
0.2222222222222222
0.3333333333333333
0.8888888888888888
0.1111111111111111
0.1111111111111111
0.2222222222222222
0.1111111111111111
0.3333333333333333
0.1111111111111111
0.1111111111111111
0.2222222222222222
0.1111111111111111
0.1111111111111111
0.1111111111111111
0.1111111111111111
0.2222222222222222
