0.022187755
0.021453347
0.021416802
0.021100704
0.021055743
0.021038612
0.02102147
0.021006403
0.020924136
0.020805933
0.020654207
0.020645473
0.020595206
0.02056556
0.020504784
0.020455059
0.020227378
0.02021257
0.02018911
0.020132286
0.020129288
0.020052332
0.02003493
0.020016847
0.01990376
0.01976861
0.019746536
0.019700086
0.019660367
0.01955779
0.019533223
0.019452885
0.019396372
0.01938839
0.019357387
0.019333173
0.019330561
0.01928667
0.019284677
0.019242743
0.019241735
0.01923489
0.019218044
0.019191306
0.019177299
0.01915395
0.019132407
0.019125452
0.019090971
0.019064829
