0.030569296
0.028510388
0.026383886
0.025616381
0.02471745
0.0240316
0.02299321
0.022931335
0.022909876
0.022556238
0.021909783
0.021627989
0.02139779
0.020765206
0.020372424
0.0201543
0.020050246
0.019788757
0.019281143
0.019237207
0.019215165
0.01916332
0.018903973
0.018884838
0.018881543
0.01885441
0.018821761
0.018790448
0.018771306
0.018763162
0.01852722
0.01843201
0.018365735
0.01816267
0.01810663
0.018101374
0.017933985
0.017884314
0.017865218
0.017842866
0.017719554
0.01757343
0.017564088
0.017492823
0.017405024
0.017404074
0.017333409
0.017162293
0.017158465
0.017110365
