0.025887618
0.023840109
0.023711702
0.022348763
0.022291934
0.022047743
0.021748113
0.021656862
0.021499176
0.021487774
0.021249864
0.020893157
0.020848725
0.02084524
0.020733431
0.020577095
0.020210056
0.020048136
0.019922227
0.019866984
0.01983349
0.019828029
0.019663064
0.019556357
0.019488093
0.019454438
0.01937427
0.019262688
0.01907665
0.01903992
0.01899917
0.018985394
0.018959444
0.018912027
0.018901197
0.018807434
0.018792342
0.018771777
0.018725023
0.018713662
0.018690707
0.018674185
0.018672356
0.018609459
0.01860823
0.018528054
0.018500976
0.018331738
0.018265419
0.018259637
