0.024527777
0.024365664
0.024199579
0.023099983
0.022323187
0.02190895
0.02181977
0.021564972
0.021376627
0.021260265
0.021237211
0.020996096
0.020964708
0.020805532
0.0207439
0.020743446
0.020570824
0.02041219
0.02038557
0.020317394
0.02016329
0.020143328
0.020018926
0.019995851
0.01973626
0.01970202
0.019661289
0.019333635
0.01930927
0.019264625
0.019242767
0.019186586
0.019091673
0.01900216
0.018968873
0.018924648
0.0188814
0.018813262
0.018650629
0.018596347
0.018510114
0.018414352
0.018256266
0.01823268
0.01799951
0.017929872
0.017849514
0.017760111
0.01758801
0.017149145
