0.023719847
0.022782093
0.022631897
0.022029065
0.021997172
0.02196293
0.021794777
0.021651017
0.021122238
0.02107555
0.02095203
0.020435985
0.020411689
0.020379946
0.02036416
0.020294381
0.020274932
0.020128716
0.02009416
0.020074412
0.019828439
0.019812308
0.019741796
0.019681819
0.019579405
0.019533386
0.019524364
0.019415775
0.019382102
0.019352186
0.019332724
0.019332439
0.019292293
0.019289007
0.019169297
0.01916564
0.019161433
0.019098291
0.019010816
0.019004354
0.018908972
0.018898534
0.018894399
0.01888911
0.018859562
0.018823497
0.018789869
0.018785978
0.018632956
0.018632334
