0.031580396
0.026121818
0.024271965
0.024113359
0.023786904
0.023491152
0.023050943
0.022780556
0.022638774
0.022249376
0.021925455
0.021811703
0.021673927
0.021212982
0.021125203
0.020915542
0.020859808
0.020648647
0.020052772
0.02005219
0.019482067
0.019472193
0.019424923
0.019349182
0.019329756
0.019200202
0.019140234
0.018895105
0.018767513
0.018708628
0.018207218
0.01814528
0.018126395
0.018055182
0.017956477
0.017954426
0.01794773
0.017868888
0.017860606
0.017809344
0.017676527
0.017464222
0.0174582
0.017457344
0.017456144
0.017328506
0.017315371
0.017288882
0.017279396
0.017210525
