0.021510508
0.021455187
0.021324508
0.021204796
0.021166537
0.021018844
0.020848375
0.02078807
0.02071914
0.020665668
0.020580487
0.02047593
0.020471577
0.020402206
0.020330207
0.020257428
0.020233378
0.020224586
0.020219304
0.02018676
0.020159595
0.020134
0.019970153
0.019875193
0.019847633
0.019815164
0.01975116
0.019670578
0.019613232
0.019600524
0.01957634
0.019571234
0.019543285
0.019488737
0.019460091
0.0194413
0.019399505
0.019392332
0.019377058
0.019349495
0.019329583
0.01932955
0.019328188
0.01930449
0.01928732
0.01927416
0.019261206
0.019260036
0.019253923
0.01925152
