0.030098423
0.028744854
0.028049752
0.025805358
0.025074255
0.02451409
0.024121178
0.023757983
0.022260504
0.02224187
0.021789558
0.021762867
0.021451307
0.02100092
0.020290285
0.020226002
0.020144457
0.01979903
0.019622013
0.0195449
0.019259114
0.01907238
0.019023115
0.018953409
0.018938283
0.018864242
0.018723244
0.018721541
0.018605836
0.0184669
0.01844702
0.01832576
0.018264402
0.018230079
0.018103937
0.018058576
0.017836062
0.017570209
0.017433213
0.017374743
0.017351193
0.017310366
0.01727383
0.01719006
0.017188849
0.01713648
0.017062707
0.017032415
0.01695282
0.016929528
