0.04980928
0.04353071
0.033626016
0.03244118
0.028157901
0.023675652
0.023295531
0.02227638
0.02170741
0.021616718
0.021172276
0.020474665
0.020311395
0.019918071
0.01977466
0.01966517
0.01959457
0.019343223
0.019074485
0.019048046
0.01862286
0.018056681
0.017988104
0.017987762
0.017855613
0.01754442
0.017531691
0.017468747
0.017285252
0.017240763
0.016980974
0.01695352
0.016949952
0.016847234
0.0168282
0.016812777
0.016769832
0.016688578
0.016660882
0.016421206
0.016395636
0.01628018
0.015813032
0.015483584
0.01541072
0.015393783
0.015379276
0.015376632
0.015366866
0.015091859
