0.02112832
0.021096403
0.021020476
0.020996435
0.020971216
0.020906636
0.02081313
0.020793851
0.020745834
0.020671962
0.020669289
0.020442348
0.020433526
0.020322433
0.020201819
0.02017569
0.020157676
0.020036781
0.020032063
0.019972097
0.019948669
0.019937659
0.019914005
0.019886084
0.019884277
0.019865073
0.01984275
0.01981652
0.019759873
0.019749565
0.01973473
0.019732496
0.019717056
0.019647779
0.019624092
0.01955428
0.019542642
0.019539792
0.01952796
0.019512458
0.019498209
0.019415842
0.01939933
0.019391267
0.01938997
0.019362457
0.019327162
0.019312212
0.01929039
0.019287497
