1.25
1.0833333333333333
1.0833333333333333
1.25
0.9166666666666666
1.1666666666666667
0.9166666666666666
1.0833333333333333
1.0833333333333333
1.1666666666666667
1.25
1.0833333333333333
1.25
1.25
1.25
1.25
1.0833333333333333
1.1666666666666667
1.25
1.1666666666666667
1.25
1.1666666666666667
1.25
1.25
1.0833333333333333
1.25
1.1666666666666667
1.0833333333333333
1.0833333333333333
1.25
1.1666666666666667
1.1666666666666667
1.25
1.0833333333333333
1.1666666666666667
1.25
0.8333333333333334
1.25
0.8333333333333334
0.75
1.1666666666666667
1.0833333333333333
1.0833333333333333
1.1666666666666667
1.5
0.9166666666666666
1.25
1.1666666666666667
1.3333333333333333
1.1666666666666667
