0.021265661
0.02074153
0.020582741
0.020580603
0.020505909
0.0204784
0.020428617
0.020344894
0.020331092
0.020292148
0.020279199
0.020261887
0.02018373
0.020133149
0.020113206
0.020103551
0.020090323
0.02008192
0.020071728
0.020052591
0.020016748
0.019987827
0.019972062
0.019921526
0.019919151
0.019904008
0.019887729
0.019867115
0.019866457
0.019850148
0.019836307
0.019818965
0.019816885
0.019785928
0.01974414
0.01973179
0.019729374
0.01969716
0.019693779
0.01969085
0.019676156
0.019667616
0.01966506
0.01966468
0.019641725
0.01963815
0.019628484
0.01960753
0.019592805
0.01955689
