0.023252683
0.02281256
0.021814208
0.02177048
0.021600593
0.021280056
0.021157023
0.02082593
0.020783106
0.020632671
0.020540493
0.020532347
0.02052857
0.020489944
0.020368649
0.020262493
0.020151844
0.02012348
0.019972375
0.019943254
0.019938514
0.019936975
0.019884994
0.019823506
0.01979748
0.019771663
0.019764066
0.019625917
0.019572586
0.019531839
0.019482866
0.019481668
0.019465555
0.0193678
0.01934791
0.01934705
0.019332051
0.019285347
0.019243436
0.019188076
0.01914294
0.01912031
0.019112831
0.019076364
0.019065818
0.019008242
0.018941972
0.018883476
0.018863102
0.018752925
