0.029399848
0.025902422
0.025378136
0.022565672
0.022381943
0.022112997
0.022029258
0.02166273
0.021452978
0.021323347
0.021301307
0.0211707
0.02091219
0.02085536
0.020504361
0.02019682
0.019918574
0.019833026
0.019715793
0.01955881
0.01948089
0.019443229
0.01939743
0.019396614
0.019396149
0.019361777
0.019234272
0.019103598
0.01907124
0.01889306
0.018841453
0.018807301
0.018806422
0.01877768
0.018771771
0.018727161
0.018709783
0.018517885
0.018482028
0.018424084
0.018413503
0.018402088
0.018345052
0.018320875
0.018273052
0.018249221
0.018245744
0.0180625
0.017950147
0.017917821
