0.023573237
0.022165854
0.021081138
0.021009276
0.020890096
0.020797083
0.020776317
0.020615771
0.020514973
0.020272365
0.020239113
0.020214051
0.02019929
0.020135863
0.020091204
0.020086138
0.020067718
0.020022457
0.020011505
0.019941492
0.019935021
0.01992016
0.019898878
0.019872556
0.019853916
0.019846879
0.019836111
0.019825764
0.019785877
0.019715609
0.019713376
0.019658074
0.019619245
0.019534456
0.0195089
0.019474283
0.019454783
0.01941912
0.019410586
0.019404825
0.019397154
0.019386804
0.01938543
0.01938532
0.019367777
0.019344844
0.019342149
0.019337235
0.019331636
0.019328274
