0.021738786
0.021718876
0.021583313
0.021385888
0.02122386
0.021013802
0.02098865
0.02094849
0.020822367
0.020793863
0.020775761
0.02072113
0.02057074
0.020482602
0.020422138
0.020300966
0.02029417
0.020279955
0.02023976
0.020210188
0.020207858
0.020155387
0.020122156
0.020089908
0.020046964
0.019921117
0.019858941
0.019836953
0.019736905
0.01973253
0.019731404
0.019707732
0.019690683
0.019675212
0.019635381
0.019626874
0.019589953
0.01957019
0.019425506
0.019365096
0.019260623
0.018925095
0.018865323
0.01881483
0.01878275
0.018664453
0.018663937
0.018645726
0.018615285
0.018519968
