0.028164193
0.02683906
0.024560882
0.023943221
0.023532394
0.022876544
0.022801343
0.022753505
0.0217199
0.02171121
0.021509469
0.02085382
0.020472813
0.020392539
0.020349536
0.020321537
0.02015939
0.020070782
0.019639922
0.01949652
0.01946088
0.01923399
0.019214036
0.019211965
0.01914498
0.019135764
0.019103551
0.019046199
0.018923339
0.018840693
0.018691696
0.01868414
0.018676566
0.018659443
0.018582089
0.018578975
0.01850709
0.018485475
0.018405408
0.01829627
0.018255815
0.018248558
0.018227795
0.018098816
0.018095396
0.018038318
0.018034218
0.018003771
0.017978605
0.017967552
