0.027747096
0.025076022
0.023269152
0.023049813
0.02289987
0.022208568
0.022075644
0.021777969
0.021776827
0.02163455
0.021290498
0.021216126
0.021075115
0.020944918
0.020796489
0.02064506
0.0206332
0.020608528
0.020524634
0.020246092
0.02008881
0.019997759
0.019915856
0.019754682
0.019575581
0.019422377
0.01937926
0.01931224
0.019276662
0.01878165
0.01863009
0.018621678
0.018601619
0.018599436
0.01852133
0.018509507
0.018459743
0.018458983
0.018432124
0.018341795
0.018334245
0.018331312
0.018181315
0.018142115
0.017944274
0.01783169
0.017815437
0.01776841
0.01775289
0.017720824
