1.8888888888888888
1.7777777777777777
1.7777777777777777
1.7777777777777777
2.111111111111111
1.8888888888888888
1.7777777777777777
1.5555555555555556
2.2222222222222223
1.7777777777777777
1.7777777777777777
1.8888888888888888
1.5555555555555556
1.8888888888888888
1.7777777777777777
1.7777777777777777
1.8888888888888888
1.3333333333333333
1.7777777777777777
1.8888888888888888
2.3333333333333335
1.5555555555555556
2.5555555555555554
1.8888888888888888
1.5555555555555556
1.8888888888888888
1.7777777777777777
1.8888888888888888
1.8888888888888888
2.5555555555555554
1.7777777777777777
1.8888888888888888
1.3333333333333333
1.7777777777777777
1.5555555555555556
1.3333333333333333
1.5555555555555556
2.0
2.0
1.1111111111111112
2.0
1.8888888888888888
2.4444444444444446
1.8888888888888888
1.8888888888888888
1.8888888888888888
2.0
1.7777777777777777
1.8888888888888888
1.8888888888888888
