0.027150506
0.023734232
0.022078615
0.022061925
0.021946466
0.021900035
0.021875266
0.021716757
0.021606399
0.021437157
0.021290332
0.02116486
0.020659186
0.020652516
0.020547673
0.020277973
0.020074492
0.020024177
0.019928614
0.01989198
0.019775009
0.019721344
0.019566005
0.019437045
0.019409953
0.01929285
0.019291602
0.019264998
0.019198954
0.019167526
0.019163346
0.019034496
0.01902783
0.018993085
0.018991182
0.01898805
0.018984998
0.018971005
0.01893129
0.018902507
0.018874694
0.01867231
0.018636733
0.018619873
0.01861705
0.018583411
0.018487945
0.018469354
0.018463593
0.018442862
