0.026172312
0.024843467
0.024569297
0.02252943
0.021963432
0.021828406
0.021798156
0.021592533
0.0215413
0.021524062
0.021320758
0.020966202
0.02091929
0.020898864
0.020863092
0.020821255
0.02035772
0.02014011
0.020049388
0.02004819
0.019988043
0.019892005
0.019695796
0.019624265
0.019584518
0.0194776
0.019285513
0.019283457
0.019283393
0.019146252
0.019074973
0.018990863
0.018928746
0.018885957
0.018875934
0.018755201
0.018699905
0.018638734
0.01858911
0.018532714
0.018519178
0.018496307
0.018472
0.018407272
0.018272085
0.018081797
0.018079793
0.01799475
0.017877432
0.017819041
