0.022782458
0.022012984
0.021677827
0.02157178
0.021501727
0.021169342
0.020904178
0.020862915
0.020826833
0.020728497
0.020686785
0.020636164
0.020580143
0.020551315
0.02055018
0.020538842
0.020475175
0.020400535
0.020379357
0.02029705
0.02012431
0.01996798
0.019886153
0.019676901
0.01966064
0.019652106
0.019633863
0.019550908
0.019550793
0.019491363
0.019410709
0.019398196
0.01936607
0.019362208
0.019357638
0.019339217
0.019327065
0.019298173
0.01926952
0.019180978
0.019147817
0.019145133
0.019086665
0.019083321
0.019064946
0.019046312
0.018959304
0.018956823
0.01893594
0.018934973
