0.029596932
0.025274234
0.025133567
0.022433648
0.022367017
0.021661667
0.021330979
0.021158585
0.021124993
0.020890586
0.020685595
0.020564329
0.020546082
0.0205094
0.020387407
0.02036555
0.020319581
0.020305287
0.020215815
0.020173015
0.020071784
0.019973468
0.019769834
0.019753097
0.019562239
0.019484939
0.01944388
0.019441647
0.019434143
0.019252518
0.019191008
0.01896873
0.018852662
0.01884631
0.018777795
0.018584497
0.018575339
0.018526122
0.018471941
0.018468944
0.018415976
0.018394927
0.018186288
0.018133793
0.018116137
0.018113585
0.018106978
0.01809181
0.018090837
0.01785439
