0.02246403
0.022281041
0.021443695
0.021164998
0.021134704
0.02095253
0.02090949
0.020809306
0.020632902
0.020526536
0.020458417
0.020227648
0.020207673
0.020201033
0.020100862
0.020062486
0.019954514
0.019943507
0.019891422
0.019832343
0.01981114
0.019776622
0.019754952
0.019731257
0.019699385
0.019690542
0.019640183
0.019638076
0.019630142
0.019622238
0.019554805
0.019544821
0.01954206
0.019541934
0.019518815
0.019517075
0.019511567
0.01949446
0.019494213
0.019488158
0.019483538
0.019478332
0.019469647
0.019465487
0.019460877
0.019455522
0.019454017
0.019446949
0.019446151
0.019437976
