0.021827187
0.021474225
0.021106392
0.020845128
0.020699995
0.02064775
0.020616606
0.02058907
0.020576237
0.020551018
0.020480609
0.020467775
0.020438775
0.020404521
0.02039749
0.02033957
0.020337237
0.020256817
0.020227414
0.020077717
0.02006354
0.020001572
0.019992214
0.019958576
0.019843457
0.019827588
0.019822631
0.019812465
0.019788112
0.019787401
0.019752085
0.01969166
0.019646317
0.019628122
0.019605286
0.01959972
0.019571455
0.019562857
0.019548709
0.019525776
0.019519962
0.019420343
0.019419478
0.01932688
0.019258453
0.019253863
0.019158171
0.019117126
0.019071758
0.019062936
