2.0
2.0
2.3333333333333335
2.0
2.0
2.0
2.0
1.2222222222222223
1.6666666666666667
2.0
2.6666666666666665
2.3333333333333335
2.3333333333333335
2.6666666666666665
1.2222222222222223
2.4444444444444446
2.0
2.0
1.6666666666666667
2.0
2.6666666666666665
2.0
1.6666666666666667
2.6666666666666665
2.3333333333333335
2.3333333333333335
2.6666666666666665
1.2222222222222223
2.0
2.0
2.6666666666666665
2.6666666666666665
2.4444444444444446
2.111111111111111
2.4444444444444446
2.2222222222222223
2.4444444444444446
1.6666666666666667
1.2222222222222223
1.2222222222222223
1.4444444444444444
2.0
2.2222222222222223
2.4444444444444446
1.2222222222222223
2.0
1.2222222222222223
2.4444444444444446
2.4444444444444446
2.0
