1.4444444444444444
2.111111111111111
2.6666666666666665
1.6666666666666667
2.3333333333333335
0.7777777777777778
1.6666666666666667
2.6666666666666665
2.3333333333333335
1.5555555555555556
2.111111111111111
2.111111111111111
2.6666666666666665
1.4444444444444444
2.111111111111111
2.111111111111111
1.4444444444444444
2.111111111111111
1.4444444444444444
2.7777777777777777
1.4444444444444444
2.5555555555555554
0.8888888888888888
2.7777777777777777
2.3333333333333335
0.3333333333333333
1.4444444444444444
0.3333333333333333
1.5555555555555556
1.1111111111111112
0.7777777777777778
2.3333333333333335
2.3333333333333335
1.4444444444444444
2.6666666666666665
2.6666666666666665
1.4444444444444444
2.3333333333333335
1.6666666666666667
2.111111111111111
2.111111111111111
2.111111111111111
2.111111111111111
1.2222222222222223
1.4444444444444444
2.111111111111111
2.2222222222222223
2.3333333333333335
2.4444444444444446
1.6666666666666667
