0.02369782
0.023374064
0.021588502
0.021059176
0.02098191
0.020830814
0.020810416
0.020747425
0.020601576
0.02059476
0.020505365
0.020496434
0.020495713
0.020488573
0.02045779
0.020451495
0.020414848
0.020413492
0.020394385
0.020388134
0.020368366
0.020343343
0.020187544
0.020124612
0.019937476
0.019760748
0.019705372
0.0196912
0.019677257
0.019653516
0.019587336
0.019518739
0.019492742
0.01946117
0.01935183
0.019342003
0.019237254
0.019059634
0.019015854
0.019013818
0.018997548
0.018934708
0.018912444
0.018892191
0.01888682
0.018885793
0.018835865
0.018821727
0.01876421
0.018746201
