0.02168573
0.021586765
0.021516047
0.021168433
0.021152727
0.021123225
0.020815779
0.020620994
0.020452367
0.020429766
0.020359121
0.02019176
0.020184427
0.020160442
0.020097138
0.020053254
0.020044679
0.020044547
0.020036725
0.020011846
0.019974694
0.019950354
0.019918881
0.019884674
0.019859718
0.019840132
0.019802382
0.019800136
0.01971801
0.019710995
0.019648107
0.01964242
0.01961157
0.019605873
0.019591773
0.019570222
0.019566983
0.019565376
0.019561717
0.019504389
0.019499859
0.019467002
0.0194464
0.019428613
0.019387046
0.019383088
0.019381745
0.019366223
0.019301059
0.019274814
