0.02684477
0.026712155
0.025986109
0.02424703
0.022976425
0.02255727
0.022512205
0.022291165
0.021834865
0.021357516
0.021102462
0.0208569
0.020818459
0.020770838
0.020578511
0.02012037
0.020097382
0.020097092
0.020020405
0.019843036
0.019820249
0.019774789
0.019719686
0.0196534
0.019618532
0.019602556
0.019570755
0.01939619
0.019376773
0.01891277
0.018735517
0.018729374
0.018511217
0.018487675
0.018481852
0.018346548
0.018302877
0.018265698
0.018249143
0.018231131
0.018108599
0.018103966
0.01805855
0.017981822
0.01795896
0.017824885
0.017751163
0.01767447
0.017594356
0.017531492
