0.02586938
0.025537737
0.02326424
0.022198519
0.02168566
0.021466048
0.02139215
0.021353295
0.021147449
0.020916684
0.020758947
0.020604083
0.020571766
0.020544995
0.02022913
0.02019953
0.020191835
0.020049542
0.01996632
0.019822577
0.019788397
0.019781826
0.019727737
0.019605981
0.019597672
0.019594092
0.019551855
0.019513704
0.01923617
0.019196285
0.019184723
0.019125259
0.019045357
0.019031325
0.01896303
0.018940112
0.018934311
0.018931597
0.01892377
0.018915078
0.018868772
0.018847445
0.018760622
0.018655825
0.018625593
0.018606076
0.018597443
0.018569995
0.018555151
0.018554948
