0.022819392
0.021445274
0.020801028
0.020653479
0.02033253
0.020320697
0.020306485
0.020305382
0.020305237
0.020273753
0.020218447
0.020209057
0.020162333
0.020118587
0.020103315
0.020036696
0.020036079
0.019991813
0.019986106
0.01997761
0.019942066
0.019917177
0.01990013
0.019854417
0.019848634
0.019843549
0.01982437
0.019802842
0.01980136
0.019795729
0.019788263
0.01978278
0.019765126
0.019740257
0.019739047
0.019712653
0.019711407
0.019694194
0.019691851
0.01968909
0.019621346
0.019616764
0.019600302
0.019594828
0.01959342
0.019583276
0.01955956
0.019533424
0.01952817
0.01952074
