0.02682074
0.025545249
0.02282559
0.022790596
0.022728672
0.022348408
0.022192245
0.021830156
0.021552011
0.020784145
0.02073601
0.02057564
0.020499244
0.02044817
0.020445846
0.020418946
0.020202233
0.020085026
0.019982863
0.019815717
0.01961413
0.019515777
0.019432573
0.019395832
0.01931242
0.019248778
0.019229777
0.01916919
0.019113379
0.019100273
0.01909209
0.019091906
0.018998608
0.018957764
0.018937744
0.018871102
0.018810207
0.0187834
0.018771997
0.018770676
0.018714283
0.018633367
0.018610893
0.0185506
0.018507473
0.018436171
0.018434327
0.018429214
0.01842071
0.018417748
