0.02968367
0.024675738
0.022903722
0.022789864
0.022250533
0.022030747
0.021579023
0.021540225
0.021404302
0.021144781
0.020885205
0.020811534
0.020680986
0.020607116
0.020511456
0.020457162
0.020361606
0.020085385
0.019962441
0.019753754
0.019594865
0.019562336
0.019493965
0.01938262
0.019380301
0.019332241
0.01932706
0.019317243
0.019289667
0.019282492
0.01920912
0.019181788
0.01914006
0.01906054
0.019048363
0.01899061
0.018910898
0.018792203
0.018761698
0.018749353
0.018443204
0.018395316
0.018322077
0.01826784
0.018216308
0.018147688
0.018099383
0.018085731
0.018058453
0.018037282
