0.053012334
0.048682332
0.040604714
0.035763774
0.033204272
0.023459775
0.023315838
0.021770597
0.021152852
0.021122402
0.020166807
0.019920614
0.019651884
0.01960678
0.019066954
0.019050661
0.019031212
0.018671934
0.018608633
0.018585626
0.018493535
0.018282924
0.018246712
0.017856441
0.017713504
0.017633716
0.01727565
0.01689001
0.01687014
0.01636462
0.016241852
0.016206682
0.016183343
0.01617544
0.01613142
0.015957452
0.015863826
0.015846074
0.015795594
0.015600571
0.015393167
0.015295521
0.015281782
0.015081495
0.015027855
0.014988998
0.014919627
0.014683807
0.014672158
0.014576084
