0.031381287
0.027465146
0.027323173
0.025365684
0.024028381
0.023935474
0.023114782
0.022689462
0.021739282
0.021641375
0.02135944
0.021193
0.020950368
0.02059473
0.020523682
0.02042938
0.020401113
0.020225927
0.020189138
0.019935595
0.019882957
0.019855492
0.019714447
0.019528318
0.019414494
0.018969905
0.018698769
0.018694554
0.018609203
0.018522637
0.01852078
0.018434273
0.0183416
0.018215245
0.018147571
0.01811637
0.018097373
0.018025862
0.017851032
0.017753413
0.01770553
0.017476527
0.017378384
0.017369144
0.017275205
0.01721845
0.017090224
0.016923418
0.016858794
0.016823636
