0.02423506
0.02268328
0.02258824
0.02217978
0.021414606
0.021347271
0.021178557
0.02108344
0.021070255
0.020876788
0.020764878
0.02059757
0.020435698
0.020391665
0.020283148
0.020226926
0.020203587
0.020140968
0.019923382
0.019922089
0.019747045
0.019743977
0.019741435
0.019737806
0.01969472
0.01965671
0.019486649
0.019468429
0.019466223
0.019446757
0.019401217
0.019372676
0.01936219
0.019287407
0.01915448
0.019147089
0.019141568
0.019110756
0.019093549
0.019072475
0.019067906
0.019064473
0.019064281
0.019024331
0.01901471
0.019013608
0.018991016
0.018983783
0.018959133
0.018936459
