0.02904893
0.026261702
0.024290148
0.02424581
0.023439588
0.022990314
0.022411842
0.022018766
0.02135741
0.021257032
0.021129929
0.021055076
0.02099696
0.020854276
0.020639641
0.020410728
0.020378787
0.019893825
0.019816307
0.019799566
0.01969828
0.019554513
0.019488346
0.019421365
0.019391008
0.019303363
0.019049345
0.018979477
0.018906554
0.018827925
0.018722273
0.018672273
0.01857432
0.018560627
0.018539889
0.018538624
0.018326685
0.01829696
0.01828462
0.018269463
0.018262517
0.018162537
0.018085903
0.018074514
0.018059125
0.018046152
0.017956993
0.01794905
0.017881362
0.017819269
