0.028764158
0.026252903
0.0257612
0.025747422
0.02430392
0.024203572
0.024121884
0.022875063
0.02271967
0.0227107
0.022324821
0.022304915
0.021737173
0.021626657
0.02085645
0.020792523
0.02041907
0.020329634
0.02021851
0.019916376
0.019412028
0.019220209
0.019175978
0.019122519
0.019022716
0.01877247
0.01870276
0.018584639
0.018555587
0.018422466
0.018421615
0.018418962
0.018257422
0.018058369
0.018010106
0.017855497
0.01779225
0.017746843
0.01761683
0.017605964
0.017544521
0.017509492
0.017444365
0.01740478
0.01740325
0.017339408
0.017210593
0.017197018
0.017176632
0.017008001
