0.46153846153846156
0.46153846153846156
0.38461538461538464
0.15384615384615385
0.46153846153846156
0.38461538461538464
0.38461538461538464
0.46153846153846156
0.38461538461538464
0.46153846153846156
0.46153846153846156
0.46153846153846156
0.46153846153846156
0.46153846153846156
0.46153846153846156
0.46153846153846156
0.46153846153846156
0.46153846153846156
0.46153846153846156
0.38461538461538464
0.38461538461538464
0.46153846153846156
0.46153846153846156
0.38461538461538464
0.5384615384615384
0.46153846153846156
0.38461538461538464
0.5384615384615384
0.3076923076923077
0.46153846153846156
0.46153846153846156
0.46153846153846156
0.5384615384615384
0.5384615384615384
0.46153846153846156
0.38461538461538464
0.5384615384615384
0.46153846153846156
0.46153846153846156
0.46153846153846156
0.46153846153846156
0.46153846153846156
0.46153846153846156
0.5384615384615384
0.38461538461538464
0.46153846153846156
0.46153846153846156
0.46153846153846156
0.46153846153846156
0.46153846153846156
