1.0
4.285714285714286
1.0
4.142857142857143
4.0
2.2857142857142856
1.4285714285714286
3.857142857142857
2.2857142857142856
3.7142857142857144
2.142857142857143
3.5714285714285716
1.4285714285714286
1.4285714285714286
1.1428571428571428
3.4285714285714284
1.2857142857142858
2.0
2.2857142857142856
2.142857142857143
1.2857142857142858
1.4285714285714286
1.2857142857142858
1.2857142857142858
2.2857142857142856
2.2857142857142856
2.2857142857142856
3.2857142857142856
4.285714285714286
2.2857142857142856
4.285714285714286
2.2857142857142856
4.285714285714286
4.285714285714286
2.2857142857142856
1.2857142857142858
2.2857142857142856
2.7142857142857144
2.2857142857142856
2.2857142857142856
2.2857142857142856
2.2857142857142856
2.2857142857142856
2.2857142857142856
2.2857142857142856
4.285714285714286
4.285714285714286
2.2857142857142856
2.2857142857142856
2.2857142857142856
