0.033135615
0.031317145
0.025515428
0.025038036
0.02464761
0.023233682
0.023078907
0.022917368
0.021693563
0.02155559
0.021260068
0.021244945
0.020970806
0.020709625
0.020553844
0.020449225
0.020346198
0.02018526
0.019902386
0.019654665
0.019389676
0.0193352
0.019104451
0.019045634
0.019010816
0.018886866
0.018764118
0.018753443
0.018620262
0.018503508
0.018404271
0.018398058
0.018319214
0.018083207
0.018081782
0.018010097
0.017931594
0.017875403
0.017779363
0.017745608
0.017706469
0.0176506
0.017563382
0.017404215
0.01739517
0.017136632
0.016976006
0.016974892
0.01696899
0.016771004
