0.029302742
0.025247205
0.024753174
0.023749247
0.02307679
0.022836156
0.022737091
0.022189364
0.02200799
0.021514365
0.021415694
0.021133939
0.020834183
0.020426318
0.02040864
0.02012147
0.01986986
0.019850647
0.01977403
0.01970645
0.019704267
0.019694537
0.019530667
0.019208107
0.019088866
0.01906965
0.019007146
0.018945975
0.01886501
0.018831694
0.018744301
0.018743252
0.01869617
0.0186414
0.018441034
0.018431827
0.018403387
0.018386174
0.01836477
0.018329581
0.018324792
0.018258318
0.018246483
0.018235786
0.018220708
0.018210085
0.018174913
0.018165857
0.018141467
0.017938342
