0.02757068
0.025444875
0.024872834
0.023489594
0.023057735
0.022941018
0.022905855
0.022442602
0.022430653
0.022153385
0.021992138
0.021936174
0.021583904
0.021573093
0.02096797
0.020770514
0.020576255
0.02022933
0.019539649
0.019440169
0.019356033
0.019313116
0.019208297
0.01913184
0.019088203
0.018811898
0.018766962
0.018758232
0.018621271
0.018603135
0.018591296
0.01858202
0.018541746
0.018539267
0.01852365
0.01852335
0.018333208
0.0183265
0.018255332
0.01823382
0.018175738
0.018100595
0.018097246
0.018067976
0.018033346
0.01799231
0.017925635
0.017878136
0.017875152
0.017826298
