0.024624377
0.02282319
0.022489224
0.021971582
0.021886438
0.021000518
0.020973112
0.020878354
0.020809852
0.020754933
0.02073534
0.020730227
0.020629568
0.0205797
0.02036403
0.020303726
0.020272959
0.020043727
0.020025514
0.019931173
0.019861376
0.019846257
0.019792473
0.019747166
0.019678341
0.019622253
0.01961416
0.019609993
0.019607853
0.01959356
0.019524978
0.019425627
0.019384725
0.019353475
0.019291528
0.019286288
0.019253168
0.019206539
0.019174946
0.019140761
0.019068062
0.01902651
0.019002557
0.018947361
0.018889932
0.018836906
0.018764537
0.018615017
0.018597411
0.01840865
