0.023076255
0.022030808
0.02174862
0.021296665
0.020928107
0.020660717
0.020539733
0.020494375
0.020457514
0.020394227
0.020393806
0.020320367
0.02029338
0.020239558
0.020120388
0.020112392
0.020030305
0.019917673
0.01989293
0.01989061
0.019839684
0.01980978
0.01975065
0.019737005
0.019719552
0.019716691
0.019716477
0.019707914
0.019676195
0.019673932
0.019658815
0.01962135
0.01960811
0.019587833
0.01958036
0.019572997
0.019536875
0.019521166
0.019506875
0.019479752
0.01947588
0.019459039
0.01945531
0.019455126
0.019442039
0.019406524
0.01939348
0.019351956
0.019350288
0.019350009
