1.0
1.4285714285714286
0.8571428571428571
1.2857142857142858
1.0
1.0
0.5714285714285714
1.4285714285714286
0.5714285714285714
0.5714285714285714
1.0
1.0
1.5714285714285714
1.4285714285714286
0.7142857142857143
1.0
1.0
1.1428571428571428
1.1428571428571428
1.5714285714285714
1.0
1.0
1.0
1.0
1.1428571428571428
1.4285714285714286
1.4285714285714286
1.5714285714285714
0.8571428571428571
1.4285714285714286
1.2857142857142858
1.5714285714285714
1.1428571428571428
0.8571428571428571
1.2857142857142858
1.0
0.7142857142857143
0.8571428571428571
0.7142857142857143
1.0
1.1428571428571428
0.7142857142857143
1.4285714285714286
1.0
0.8571428571428571
1.0
1.2857142857142858
1.0
0.7142857142857143
1.7142857142857142
