0.026457855
0.024729528
0.024462799
0.023362292
0.02292325
0.022017723
0.021982228
0.021973547
0.021660093
0.021499518
0.021268245
0.021045435
0.020747606
0.020529926
0.020231945
0.020022009
0.019791415
0.019705081
0.019698912
0.019686578
0.019653574
0.019634968
0.019629728
0.019601552
0.01954654
0.019343508
0.01928068
0.019202419
0.019201186
0.0190894
0.01903435
0.018988002
0.01897394
0.018959632
0.018782757
0.018752981
0.01873824
0.018733576
0.018702762
0.018601451
0.01853525
0.018459352
0.018451484
0.018445104
0.01837129
0.018356808
0.018321892
0.018318009
0.018278036
0.018215647
