0.5714285714285714
0.5714285714285714
0.5714285714285714
1.2857142857142858
0.42857142857142855
2.142857142857143
0.7142857142857143
3.0
0.7142857142857143
0.5714285714285714
0.42857142857142855
3.0
0.42857142857142855
1.8571428571428572
2.142857142857143
0.42857142857142855
3.2857142857142856
0.5714285714285714
0.2857142857142857
3.0
3.4285714285714284
0.7142857142857143
0.5714285714285714
0.5714285714285714
0.5714285714285714
0.2857142857142857
0.5714285714285714
0.7142857142857143
0.7142857142857143
0.8571428571428571
0.7142857142857143
0.42857142857142855
0.8571428571428571
0.8571428571428571
0.14285714285714285
0.2857142857142857
1.0
0.5714285714285714
0.5714285714285714
1.7142857142857142
0.7142857142857143
0.5714285714285714
2.5714285714285716
3.142857142857143
0.5714285714285714
0.7142857142857143
0.42857142857142855
3.0
0.7142857142857143
1.5714285714285714
