0.03132296
0.030919041
0.02738976
0.026586441
0.026225412
0.025658999
0.023388546
0.02309559
0.022773556
0.022635452
0.022263415
0.021869311
0.02132097
0.020651769
0.02055251
0.020437319
0.020288343
0.020077478
0.019847063
0.019532098
0.01933037
0.01931297
0.01917641
0.019021213
0.018858952
0.018753873
0.018596567
0.018462611
0.018364089
0.018280465
0.018093407
0.018024113
0.017861845
0.017736478
0.017707562
0.017607845
0.01741272
0.017335793
0.017303376
0.017235972
0.017151436
0.01712589
0.017015966
0.016964048
0.016963864
0.01678927
0.016724754
0.016696755
0.016634908
0.016620485
