0.032968726
0.031828217
0.02699814
0.025946366
0.025353579
0.023962574
0.023866404
0.022381026
0.022146465
0.021344734
0.02079271
0.020739665
0.020647919
0.020422399
0.020415455
0.020281777
0.020217493
0.019990418
0.019960603
0.019911082
0.019825108
0.019616261
0.019523043
0.019121224
0.018977288
0.018961197
0.018846137
0.018759854
0.018417915
0.018382141
0.018370934
0.018316995
0.018256616
0.018113276
0.018040447
0.017901255
0.017614592
0.01757549
0.017575141
0.017513057
0.017405462
0.017312376
0.017287029
0.017245863
0.017042989
0.016873512
0.016786003
0.016766606
0.016742302
0.016654147
