0.031024277
0.028293999
0.0266127
0.026225597
0.02472794
0.022259172
0.02210367
0.022074746
0.020677153
0.020294914
0.020225963
0.020204503
0.019995438
0.019900715
0.019890232
0.019878699
0.019856539
0.019787816
0.019704327
0.019697778
0.019641979
0.019594511
0.019565001
0.019549742
0.019476932
0.019219497
0.019209754
0.01916367
0.019089213
0.018808063
0.01871838
0.0187067
0.018645866
0.018542102
0.018507186
0.018381419
0.018346818
0.018323977
0.018245554
0.018245492
0.018222392
0.018054051
0.018034885
0.017924055
0.017846461
0.017800214
0.017690443
0.017683094
0.017663527
0.017662864
