0.05324146
0.044174924
0.043838933
0.034010332
0.027409775
0.025592102
0.023124957
0.02281982
0.021826211
0.021022718
0.020882959
0.02031684
0.01993351
0.019551584
0.019499306
0.01938895
0.01921227
0.018744988
0.018743945
0.018720035
0.0185954
0.018373253
0.01835849
0.018186469
0.018103134
0.017921312
0.017748045
0.017323937
0.017200746
0.016838666
0.016683595
0.016474046
0.016384304
0.016086234
0.016065976
0.015880467
0.01562991
0.015480004
0.01541495
0.01540611
0.015197993
0.01512237
0.015112924
0.0151107535
0.015099828
0.01496948
0.0148673225
0.014775329
0.0147734
0.014759878
