0.034946863
0.030267436
0.028277028
0.02403965
0.0226421
0.022112597
0.021753537
0.021709196
0.021668078
0.02165341
0.021286098
0.020753067
0.02074825
0.02074347
0.020471988
0.020395216
0.020257141
0.020115804
0.020027708
0.019816935
0.019705988
0.01935153
0.019284692
0.019258207
0.019213136
0.01905465
0.01888623
0.018843088
0.018532135
0.01848349
0.018374015
0.018347556
0.018339787
0.01814707
0.018125303
0.018109996
0.01807382
0.017935015
0.017908996
0.017887497
0.017887304
0.017793357
0.017530426
0.017520951
0.017436123
0.017340818
0.017323846
0.017233672
0.01722558
0.017160142
