0.5384615384615384
0.46153846153846156
0.46153846153846156
0.5384615384615384
0.5384615384615384
0.46153846153846156
0.5384615384615384
0.38461538461538464
0.5384615384615384
0.6153846153846154
0.46153846153846156
0.46153846153846156
0.5384615384615384
0.5384615384615384
0.46153846153846156
0.5384615384615384
0.46153846153846156
0.46153846153846156
0.5384615384615384
0.5384615384615384
0.5384615384615384
0.46153846153846156
0.5384615384615384
0.46153846153846156
0.5384615384615384
0.5384615384615384
0.46153846153846156
0.46153846153846156
0.5384615384615384
0.5384615384615384
0.46153846153846156
0.46153846153846156
0.5384615384615384
0.46153846153846156
0.46153846153846156
0.5384615384615384
0.5384615384615384
0.6153846153846154
0.46153846153846156
0.46153846153846156
0.5384615384615384
0.46153846153846156
0.5384615384615384
0.5384615384615384
0.46153846153846156
0.5384615384615384
0.5384615384615384
0.46153846153846156
0.6153846153846154
0.46153846153846156
