0.034298867
0.02848053
0.028000439
0.027717184
0.026555654
0.023926366
0.023023836
0.022776272
0.022493234
0.022276012
0.021937883
0.021080106
0.020740226
0.020183478
0.02000305
0.019839646
0.019602362
0.019525127
0.019515106
0.019401489
0.019239193
0.018909715
0.018892372
0.018836485
0.018692115
0.018557264
0.018524272
0.018391466
0.01836856
0.018342275
0.018327117
0.018234562
0.01802436
0.017958142
0.017953867
0.017895982
0.0177736
0.017698929
0.017602421
0.01750891
0.017474277
0.01747385
0.017468525
0.017463021
0.01735663
0.017320944
0.01723892
0.017124802
0.017012171
0.016958361
