0.03297717
0.029447941
0.029123098
0.027862784
0.02529847
0.023843693
0.022961142
0.022384327
0.021525176
0.021443823
0.02130554
0.021091431
0.02102335
0.02087216
0.020402035
0.019850811
0.019742385
0.019597648
0.019552056
0.01937443
0.019197198
0.019168304
0.019085327
0.01904636
0.018879365
0.0187983
0.018798089
0.018540572
0.01851953
0.018390464
0.018267756
0.018140402
0.01803453
0.017961886
0.017905425
0.01786565
0.01784743
0.0176121
0.01757469
0.01756058
0.017463366
0.017459981
0.017454553
0.017366715
0.01734143
0.017291514
0.017265363
0.017195398
0.017155236
0.017133057
