0.02535558
0.024075376
0.02357186
0.023499673
0.023161793
0.022129584
0.021957243
0.02099138
0.020817634
0.020801159
0.02065848
0.020634258
0.02062736
0.020581719
0.020503595
0.020088315
0.019964438
0.019885313
0.019814081
0.019732954
0.019638458
0.019485693
0.019485245
0.019324664
0.01931237
0.019259106
0.019258915
0.019246768
0.019246679
0.019208958
0.01920831
0.019207243
0.019186335
0.019177675
0.019170277
0.01911208
0.019043308
0.019001722
0.01896536
0.018941538
0.018941442
0.018821483
0.018806899
0.018796736
0.018661175
0.018629389
0.018553156
0.01851456
0.018480254
0.018462427
