0.022878215
0.02242972
0.022145923
0.021763965
0.021299278
0.021193525
0.021176146
0.021050123
0.020807406
0.020784222
0.020613788
0.020495845
0.020463992
0.02043698
0.020399814
0.020381054
0.020369643
0.020342039
0.020064367
0.020034326
0.01983876
0.01978876
0.019756136
0.019753056
0.019742588
0.019737212
0.01971371
0.019585453
0.019495161
0.019490626
0.01948019
0.019399686
0.0193707
0.019339187
0.019329023
0.019304032
0.019297555
0.019292912
0.019271392
0.019223087
0.019204654
0.019136734
0.01912718
0.019115621
0.01910531
0.019071793
0.019061781
0.018960025
0.018945025
0.018932257
