0.025886986
0.023949724
0.023820847
0.023016386
0.022723604
0.022641769
0.022412349
0.021933176
0.021877442
0.02186129
0.021766314
0.021597875
0.0213988
0.021394081
0.021087574
0.021058641
0.02039058
0.020330021
0.020072842
0.020025628
0.019838693
0.019767052
0.019633327
0.019614298
0.019542074
0.01947451
0.019432949
0.0193913
0.019338455
0.01929799
0.019230174
0.019105682
0.018877909
0.018835977
0.018800363
0.018785158
0.018627664
0.018532522
0.018325528
0.018292982
0.018175144
0.018074393
0.01795285
0.017851802
0.017799018
0.017709363
0.017706623
0.01760774
0.017578248
0.017554255
