0.021966273
0.020847874
0.020606346
0.020532062
0.020524634
0.020482322
0.020452904
0.020434555
0.020405568
0.02037184
0.020225571
0.020213433
0.020182963
0.020158594
0.020151056
0.020135084
0.020119049
0.020074092
0.01998616
0.01997113
0.01995001
0.019924218
0.019924203
0.01988329
0.019871518
0.019851819
0.019840762
0.01983941
0.019831521
0.019808518
0.019805146
0.019803291
0.019788332
0.019786412
0.019785445
0.019762699
0.01975047
0.019725623
0.019687189
0.019670991
0.01967025
0.019662397
0.01961346
0.019580102
0.019578882
0.01956666
0.019555958
0.019550338
0.019547734
0.019541845
