0.033624183
0.033274047
0.02665432
0.026592003
0.024335096
0.023939405
0.023877097
0.023813918
0.023392571
0.02297225
0.02146456
0.021424886
0.020517942
0.019949783
0.019925121
0.019889852
0.019781213
0.019660035
0.01949817
0.01933723
0.019335758
0.019319942
0.019193452
0.01909202
0.018960834
0.018873412
0.01882508
0.01878149
0.018724626
0.018696042
0.018599933
0.018443566
0.018155413
0.017829387
0.017744629
0.0175777
0.017564937
0.01748663
0.017407576
0.017353777
0.017323812
0.017249398
0.01721698
0.017093895
0.017053088
0.016941061
0.016676769
0.016287988
0.01616351
0.016103597
