0.8666666666666667
0.8666666666666667
0.8
0.8
1.5333333333333334
1.4
0.8
0.8666666666666667
0.8666666666666667
0.8666666666666667
0.8
0.8666666666666667
1.5333333333333334
1.2666666666666666
0.8666666666666667
1.1333333333333333
1.6666666666666667
0.8666666666666667
1.3333333333333333
0.8666666666666667
0.8666666666666667
0.8666666666666667
0.8666666666666667
0.8666666666666667
0.8
1.0
0.8666666666666667
0.7333333333333333
0.7333333333333333
0.8666666666666667
1.2
0.8666666666666667
1.2
0.8666666666666667
0.8666666666666667
0.8
0.8666666666666667
0.9333333333333333
1.2666666666666666
1.4
1.4
1.4
1.3333333333333333
0.8
1.5333333333333334
1.6
0.8
0.8666666666666667
0.8
0.8
