0.5
0.5
0.0
0.3333333333333333
0.5
0.5
5.0
1.0
0.3333333333333333
4.5
0.3333333333333333
1.1666666666666667
4.0
0.3333333333333333
0.5
3.6666666666666665
0.3333333333333333
3.5
1.0
1.1666666666666667
4.833333333333333
0.16666666666666666
2.8333333333333335
4.833333333333333
4.833333333333333
5.0
4.5
4.833333333333333
0.5
3.5
2.0
4.833333333333333
0.5
4.833333333333333
5.0
5.0
4.666666666666667
4.0
2.6666666666666665
4.0
5.0
5.166666666666667
4.666666666666667
1.0
4.166666666666667
5.0
5.0
4.666666666666667
4.833333333333333
4.833333333333333
