0.022388218
0.02233782
0.022034658
0.02187207
0.021467619
0.021264436
0.021161875
0.021137793
0.020701893
0.020591846
0.02059115
0.020530138
0.020419212
0.020294081
0.020291353
0.020247094
0.0201903
0.020187499
0.020153794
0.02003656
0.019985378
0.019886516
0.019843373
0.019840183
0.01972024
0.019615019
0.019582175
0.01956579
0.01955831
0.019526536
0.01952441
0.019512933
0.019490795
0.019457288
0.019450216
0.01943882
0.01941755
0.019365324
0.019346492
0.019333174
0.01928514
0.019274212
0.019241408
0.019141484
0.019129248
0.019100543
0.018974554
0.018868495
0.018833837
0.018791193
