0.031368315
0.029189272
0.028350769
0.025643526
0.024707051
0.0243636
0.0242543
0.024160111
0.023796314
0.023263609
0.021365045
0.021323996
0.021166466
0.021093547
0.02107142
0.020472424
0.019984035
0.019875813
0.019841244
0.019839281
0.019833311
0.019723285
0.019388868
0.018983824
0.018643964
0.018416947
0.018381955
0.018236732
0.018212967
0.018145477
0.018109383
0.017842732
0.017836168
0.01779806
0.017651726
0.017642738
0.01760415
0.01750264
0.017502286
0.017446835
0.01722792
0.017205758
0.01707969
0.017039191
0.017006008
0.017004598
0.016898751
0.016891116
0.016818346
0.016794348
