0.024823332
0.022954492
0.022063892
0.02196865
0.021835934
0.021829134
0.021517863
0.021054966
0.020951128
0.020736704
0.02049115
0.020463828
0.020189622
0.020138556
0.020109931
0.020052442
0.020025339
0.020013042
0.019942628
0.019919427
0.019905461
0.019865721
0.019848676
0.019662132
0.01953706
0.019520573
0.019470243
0.019469222
0.01946059
0.01944485
0.019395571
0.019388782
0.019328685
0.019311234
0.019279681
0.019272659
0.01924184
0.019233704
0.019173225
0.019170651
0.019170307
0.019125037
0.019095825
0.018994577
0.018984016
0.01897165
0.018968565
0.018962676
0.018891543
0.01877325
