0.028286502
0.026947245
0.026326971
0.025998201
0.025820974
0.025789892
0.02520653
0.024118967
0.023227047
0.021954611
0.021335365
0.021179471
0.02115999
0.020922186
0.020633956
0.020182628
0.019831093
0.019593677
0.01938169
0.019347625
0.019239226
0.019147914
0.018927144
0.018916186
0.01889657
0.01887973
0.018753693
0.018750835
0.018748425
0.018675802
0.018389104
0.018373447
0.018134201
0.018090788
0.018060185
0.0180532
0.018041201
0.017884538
0.017817637
0.017735315
0.017666513
0.017531354
0.017476823
0.01747215
0.017419184
0.017411448
0.017092338
0.017076628
0.017067669
0.017026126
