0.024775798
0.02324058
0.022736931
0.02242484
0.021719234
0.021433234
0.021279575
0.021204986
0.02119895
0.021097442
0.021064425
0.020975778
0.020864872
0.02074568
0.02066007
0.020633051
0.020228053
0.020222684
0.020200593
0.02006049
0.019989902
0.019989438
0.019982368
0.01990531
0.019849747
0.019816516
0.019568592
0.019496057
0.019316992
0.019247115
0.019213578
0.019210955
0.019179435
0.019145241
0.019143978
0.01909969
0.019031273
0.019004386
0.018975284
0.018972142
0.018962234
0.018868111
0.018812403
0.018739097
0.018576987
0.01840384
0.018390264
0.018278275
0.018122323
0.017941125
