5.0
4.833333333333333
4.833333333333333
4.333333333333333
4.5
4.666666666666667
4.5
4.333333333333333
3.1666666666666665
4.833333333333333
4.5
5.0
3.1666666666666665
4.666666666666667
4.0
3.8333333333333335
4.833333333333333
4.166666666666667
3.8333333333333335
5.0
4.833333333333333
4.666666666666667
2.8333333333333335
4.0
5.0
5.0
5.0
5.0
4.833333333333333
5.0
4.833333333333333
5.0
5.0
4.333333333333333
5.0
5.0
5.0
4.833333333333333
4.666666666666667
3.1666666666666665
4.833333333333333
3.1666666666666665
5.0
5.0
4.666666666666667
5.0
5.0
5.0
4.666666666666667
3.1666666666666665
