0.034845848
0.025538083
0.024282072
0.02244987
0.021840211
0.021626273
0.021306168
0.0209018
0.02051336
0.020190712
0.020077104
0.019853774
0.019759048
0.019689117
0.019436197
0.01937119
0.019293612
0.019270506
0.019260833
0.01925918
0.019258041
0.019256204
0.019254165
0.019246748
0.01923933
0.019222863
0.01921304
0.019208297
0.019197343
0.01918623
0.019183874
0.019164378
0.019163312
0.01914158
0.01903834
0.019006236
0.018931497
0.018918578
0.018912379
0.018892271
0.018888608
0.018880565
0.0188786
0.018868301
0.018867897
0.018852029
0.01884947
0.018842485
0.018839082
0.018833322
