0.022173993
0.021841085
0.021369193
0.021350056
0.020996682
0.020534944
0.02046643
0.020461686
0.020407582
0.020382168
0.020315101
0.020193046
0.02016307
0.020121468
0.02009696
0.02006836
0.020053163
0.020003382
0.020003062
0.019937642
0.019922419
0.019909984
0.01988492
0.01984676
0.019806532
0.019742284
0.019741686
0.01973421
0.019699592
0.019686073
0.019673979
0.019670757
0.019643368
0.019642357
0.01963603
0.019600106
0.019591955
0.019544667
0.01954465
0.0195441
0.019541953
0.019530537
0.019523088
0.019517493
0.01951412
0.019500993
0.01949344
0.019460866
0.019457154
0.019454917
