0.027414136
0.026262814
0.026081143
0.025698122
0.023720957
0.022748506
0.02263509
0.022412606
0.022252925
0.02192054
0.021827007
0.021432076
0.021144342
0.021024173
0.020737972
0.02071614
0.020650793
0.020620314
0.020381143
0.02033348
0.020116257
0.020031726
0.019835295
0.019787056
0.019401524
0.01933942
0.019165771
0.019028129
0.01901529
0.018563729
0.018533263
0.01849453
0.018417899
0.018175442
0.018147005
0.018077664
0.017897945
0.017882958
0.017759344
0.017658958
0.017625418
0.017567432
0.017549993
0.01754703
0.01750525
0.017504413
0.0174958
0.017375527
0.017245755
0.017239887
