0.022755431
0.022086555
0.021550035
0.021523887
0.021471892
0.021120861
0.021105839
0.021084517
0.02100925
0.020877177
0.020772314
0.020729523
0.0206689
0.020660432
0.020621598
0.020591792
0.020489883
0.020220054
0.020157784
0.020089734
0.020020325
0.020008767
0.01999013
0.019818027
0.019802295
0.019791257
0.019766448
0.01967986
0.019614173
0.019577896
0.01957688
0.019521508
0.01945306
0.019364197
0.019299014
0.019278927
0.019252535
0.019233916
0.01914259
0.019112533
0.019095778
0.019069657
0.019050417
0.01903965
0.01898142
0.018816141
0.018807113
0.018783806
0.018765425
0.018698746
