0.026358595
0.023756798
0.023204038
0.022281231
0.022267448
0.021918438
0.021528838
0.021417698
0.021214379
0.021173196
0.021104982
0.021080598
0.020802137
0.020778459
0.020573461
0.020531407
0.020458305
0.02026554
0.020090457
0.020025492
0.020007547
0.019984785
0.019744458
0.019634688
0.019455777
0.019342408
0.01922278
0.019180577
0.019110931
0.019105785
0.019022048
0.019011922
0.018962415
0.018960407
0.01891704
0.018818948
0.018800264
0.01875482
0.018748675
0.018697426
0.018679352
0.018670425
0.018666703
0.018586561
0.018583303
0.018561533
0.018529357
0.018510856
0.018454116
0.018442618
