0.021376105
0.021144548
0.02104265
0.020856218
0.020820376
0.020818371
0.020776829
0.020642614
0.020625878
0.020620545
0.020589273
0.020581251
0.02048619
0.020474669
0.02043328
0.020355776
0.020328352
0.02029204
0.020182155
0.020094462
0.020036459
0.01999871
0.019947015
0.01991233
0.019888818
0.019869722
0.019849334
0.019798495
0.019784741
0.019780086
0.019713454
0.019686066
0.019635987
0.01962211
0.019618874
0.019609453
0.019579696
0.019574128
0.019524733
0.01949608
0.01934681
0.0193146
0.019278737
0.019274114
0.01924428
0.019233752
0.019216683
0.019215321
0.019211069
0.01919675
