0.03356567
0.026390497
0.023600847
0.022092344
0.02119616
0.020912109
0.020890972
0.020875039
0.02066709
0.020609347
0.02051208
0.020277753
0.020134326
0.020027302
0.019965798
0.019833745
0.01979289
0.019765608
0.019737028
0.019708952
0.019696642
0.019674623
0.019429034
0.019420695
0.019420011
0.01932681
0.019321539
0.01927669
0.019267034
0.01910412
0.019011829
0.018924462
0.018920016
0.018902898
0.018892106
0.018887859
0.01880988
0.018798571
0.018768739
0.018754961
0.018739985
0.018737545
0.018736273
0.018717883
0.01870591
0.018703328
0.018654898
0.018654604
0.018605059
0.018580405
