0.022362854
0.020636484
0.020576237
0.02054454
0.020541033
0.020485546
0.020479906
0.020429881
0.02038388
0.020376239
0.020277891
0.020277157
0.020267759
0.0202431
0.02020881
0.020172862
0.020157147
0.020146996
0.020142829
0.020116348
0.02008298
0.02002869
0.02002098
0.020014886
0.01999229
0.019972255
0.019915357
0.01991353
0.019854566
0.01982815
0.019812014
0.019770393
0.019760292
0.01974399
0.0197049
0.019686894
0.019678397
0.019620076
0.019593336
0.019580508
0.01956627
0.019555597
0.019544017
0.019501537
0.019471934
0.019433785
0.019408204
0.019403834
0.019371342
0.019341512
