0.026596285
0.025648216
0.025538705
0.02290612
0.02273666
0.022467012
0.021856142
0.021469258
0.021291448
0.021252243
0.020772526
0.020667788
0.020650432
0.020616883
0.02054391
0.02049988
0.02041196
0.02039037
0.020307632
0.020124933
0.02010128
0.019964004
0.01992762
0.019532615
0.019520415
0.019479275
0.019322323
0.019274382
0.01925451
0.01906881
0.019067042
0.019013928
0.01900303
0.01892373
0.018911999
0.018835394
0.018720346
0.018704992
0.018599413
0.018535284
0.018527275
0.018517442
0.018298738
0.018284578
0.018226186
0.018035118
0.017856035
0.017709583
0.017269146
0.016767079
