0.025801737
0.025196875
0.023485977
0.022943452
0.02286941
0.02226107
0.022190688
0.021722097
0.021223025
0.021200318
0.020944549
0.020774733
0.020662503
0.02043233
0.02033695
0.020216646
0.020112412
0.020108603
0.01982422
0.01981153
0.019656232
0.019647788
0.019569244
0.01955694
0.019426968
0.01929992
0.019221615
0.019143734
0.019128865
0.019090319
0.019036693
0.019015344
0.019007746
0.01894517
0.018933484
0.018910365
0.018908981
0.018896377
0.018874949
0.018802054
0.018799534
0.01866503
0.018650614
0.018557718
0.018481726
0.018440774
0.018403655
0.018401725
0.01821314
0.018194184
