0.03216142
0.02710338
0.024200017
0.023183813
0.022350572
0.0221592
0.021735262
0.02171569
0.021299973
0.020899791
0.020597145
0.02044889
0.020336794
0.020319149
0.0202837
0.020234102
0.020204999
0.01993357
0.019930232
0.0199218
0.019705793
0.019554518
0.01929216
0.01911969
0.019117504
0.019011183
0.018983627
0.018897295
0.018842196
0.01880152
0.01876967
0.018703792
0.018701844
0.01868539
0.018678471
0.018677138
0.018639488
0.018618122
0.018499438
0.018473133
0.018407358
0.018375235
0.018354531
0.018336395
0.018334873
0.018320497
0.018287487
0.01828148
0.018264258
0.018246407
