0.022602694
0.022320522
0.02226752
0.0216725
0.021548333
0.021379994
0.021254057
0.021191344
0.020836297
0.020767372
0.020751484
0.020750066
0.020681998
0.02052899
0.020324273
0.020319425
0.020204654
0.020119652
0.02009649
0.020023247
0.019973725
0.019947192
0.019946598
0.019846268
0.01981805
0.019797528
0.019763445
0.019676445
0.019675432
0.01964638
0.01961155
0.019533755
0.019525828
0.019443126
0.01941362
0.019353712
0.019332236
0.019328097
0.019324949
0.019320989
0.019125512
0.019047096
0.018899787
0.018893305
0.018748526
0.018745096
0.018675735
0.01866109
0.018657623
0.0186265
