0.02499174
0.023564858
0.023032004
0.02250553
0.021729399
0.021556208
0.021082839
0.020764777
0.020746097
0.02066986
0.020648895
0.020404948
0.020377086
0.020344447
0.020201072
0.020062367
0.020014234
0.019969938
0.019931288
0.019890951
0.019860677
0.01984906
0.019793924
0.019737465
0.019667521
0.01957246
0.019551352
0.019512454
0.019483726
0.019437127
0.019431125
0.01937393
0.019330582
0.019283481
0.01925992
0.019090308
0.01908703
0.019073138
0.019068345
0.019058665
0.019055486
0.019035107
0.019034995
0.019021776
0.018952558
0.01890296
0.0188324
0.01879153
0.018693374
0.01866892
