0.021235665
0.021145891
0.021121712
0.021100326
0.021046111
0.021039674
0.021035042
0.021029767
0.020973653
0.020957917
0.0207252
0.020565128
0.020428559
0.0203668
0.020349773
0.020318748
0.020271646
0.020127054
0.0201101
0.020109858
0.0199623
0.019924073
0.019842213
0.019831132
0.019815562
0.019748723
0.019714914
0.019673863
0.01967209
0.019653773
0.019608835
0.019584445
0.019568449
0.01955876
0.019535776
0.01952517
0.01947335
0.019469593
0.019464081
0.01945492
0.019448707
0.019359408
0.01933818
0.01931947
0.019311203
0.019257316
0.019221531
0.019217098
0.019202886
0.019183602
