0.028505074
0.026273798
0.025603423
0.023284044
0.023107884
0.023068486
0.022857446
0.022557465
0.022533134
0.022331286
0.021821642
0.02175306
0.0207827
0.020687286
0.020506991
0.020387508
0.020204576
0.020148452
0.019875813
0.019854587
0.019854587
0.019726513
0.019584179
0.019392785
0.019367686
0.01924611
0.019045562
0.01896396
0.018856373
0.018810408
0.01880655
0.018642182
0.018554296
0.018523727
0.018364713
0.01835873
0.018315839
0.018190406
0.018123401
0.018057795
0.018020298
0.017979601
0.01786922
0.017856253
0.017660515
0.01761134
0.01755733
0.017552331
0.017488932
0.017473727
