0.02225745
0.021886032
0.02162885
0.021424808
0.021418342
0.021352207
0.021204097
0.020816807
0.020750556
0.020556912
0.020478932
0.02043832
0.020358827
0.020342775
0.020324359
0.020292928
0.020289974
0.020167418
0.020132694
0.02003902
0.01999402
0.019980634
0.019892095
0.019862128
0.019804886
0.019799626
0.019781848
0.01978046
0.019777086
0.019742783
0.019679166
0.019670783
0.019576382
0.019566417
0.019558376
0.019460278
0.019443361
0.019440975
0.019427575
0.01936497
0.01934675
0.019295415
0.019151496
0.019101843
0.018969752
0.018954985
0.018942883
0.018886397
0.018825935
0.018759405
