0.024313342
0.024163332
0.023364032
0.023048874
0.02302319
0.02282726
0.022690386
0.022433104
0.022204993
0.022118062
0.02163095
0.021313898
0.021174962
0.02105233
0.021038065
0.020986464
0.020498967
0.02036092
0.020056894
0.020048324
0.020011047
0.019777985
0.019607099
0.019291881
0.019283956
0.019280918
0.019161679
0.019024381
0.018994324
0.018947512
0.018913839
0.018790338
0.018750759
0.01875065
0.018694276
0.018665468
0.018560434
0.018438848
0.018430365
0.018332591
0.018328913
0.01832702
0.018317362
0.018291168
0.018229391
0.018180227
0.018106706
0.018066538
0.018050086
0.018045925
