0.023617283
0.023367388
0.02207303
0.02194429
0.021689264
0.021293977
0.021190606
0.021018932
0.020960573
0.020832825
0.02069135
0.020655759
0.020550797
0.020529771
0.020471083
0.020264326
0.020166729
0.020155892
0.020068202
0.02003718
0.02000624
0.019988213
0.019888027
0.01981148
0.019795371
0.019789798
0.019779278
0.019654335
0.01960852
0.019579988
0.019575736
0.019550841
0.019419808
0.019383589
0.019382125
0.01928422
0.019264469
0.019208556
0.01918652
0.019131115
0.019037032
0.018843384
0.018834967
0.01876335
0.018758724
0.018705374
0.01864361
0.018590096
0.018483443
0.018472407
