0.025083875
0.025016362
0.022628732
0.02262246
0.022476653
0.02246362
0.022250326
0.02191377
0.021822615
0.021717895
0.021474777
0.02122188
0.021150338
0.020884061
0.02087244
0.020848133
0.02033561
0.020281237
0.020228747
0.020117579
0.0200335
0.019934917
0.019823574
0.01980397
0.01977393
0.01976737
0.019751558
0.019612828
0.019592527
0.019374989
0.019320648
0.018880714
0.01883656
0.018745316
0.018619498
0.018571435
0.018498452
0.01837807
0.018371219
0.018285472
0.018263785
0.018251799
0.018152948
0.018129712
0.01811759
0.0179812
0.01793773
0.017933782
0.017929902
0.01791396
