0.02994818
0.02436028
0.0230097
0.022722416
0.022046056
0.02177983
0.021747299
0.02152325
0.021229794
0.020975811
0.02087143
0.020810459
0.020313662
0.020297572
0.020172127
0.020027041
0.020008655
0.019839467
0.019833986
0.019790301
0.019789536
0.019745113
0.0195817
0.01952831
0.019372024
0.01937093
0.019336814
0.019301279
0.019130735
0.019080697
0.019071978
0.019012501
0.018961152
0.018928645
0.018888814
0.018872285
0.018843211
0.018829847
0.018824022
0.018796846
0.018796459
0.018687496
0.018677743
0.018670363
0.018526232
0.018460715
0.018443696
0.018399216
0.018385855
0.018378498
