0.023269484
0.02280268
0.02196954
0.021577528
0.021495743
0.021056466
0.021050239
0.020907816
0.020637479
0.020502398
0.020407919
0.02038546
0.020370113
0.02014645
0.020015903
0.02000187
0.019993711
0.019945795
0.019924033
0.019875769
0.019864948
0.019748494
0.019723576
0.019717826
0.019695085
0.01967635
0.019654067
0.019581003
0.019555988
0.019518884
0.01951796
0.01949631
0.019485818
0.019443152
0.019434748
0.01939644
0.019383594
0.019382939
0.019380368
0.0193604
0.019332951
0.019304642
0.01929442
0.01927052
0.019260908
0.019254642
0.01924649
0.019241123
0.01922536
0.01921454
