0.024552722
0.022700371
0.021648271
0.021499176
0.021194367
0.02113195
0.021070255
0.021015039
0.02066247
0.020384027
0.020252284
0.02021289
0.020135855
0.020115318
0.020078696
0.020046055
0.02003725
0.019982772
0.019934786
0.019905206
0.019896502
0.019795308
0.019792516
0.01978048
0.019625358
0.019575551
0.019558974
0.019557245
0.019541906
0.019525453
0.019525135
0.019519797
0.019471657
0.019440955
0.019420704
0.019409383
0.019403026
0.019359384
0.019347243
0.01933362
0.019318521
0.019294817
0.019286755
0.019267252
0.01925275
0.019248871
0.019242855
0.019225463
0.019220756
0.019202014
