0.027344702
0.025588222
0.023806483
0.023714416
0.022760192
0.022153096
0.022114411
0.021735502
0.021612503
0.021240264
0.020611998
0.020506265
0.02047506
0.02046888
0.02039506
0.020257294
0.020218395
0.020086594
0.01995276
0.019944552
0.019773452
0.019561622
0.0195577
0.019416051
0.019348906
0.019346576
0.019211719
0.019191956
0.01911925
0.01904341
0.019036861
0.019013101
0.018844863
0.018836217
0.01878274
0.01873626
0.018694147
0.01864957
0.018631186
0.018626101
0.018526223
0.018502945
0.018474868
0.01841598
0.018391885
0.018303283
0.018260883
0.018253403
0.018240243
0.018222004
