2.25
2.1666666666666665
2.25
2.25
2.25
2.0833333333333335
1.6666666666666667
2.0
1.6666666666666667
2.1666666666666665
2.25
1.6666666666666667
2.25
2.0
1.9166666666666667
1.6666666666666667
2.25
2.25
2.0833333333333335
2.1666666666666665
1.0
2.0
2.25
2.1666666666666665
2.0833333333333335
1.9166666666666667
2.1666666666666665
2.25
1.0833333333333333
2.0833333333333335
1.25
2.25
1.9166666666666667
2.0
2.25
2.1666666666666665
2.0
1.0
1.6666666666666667
1.25
2.25
2.0833333333333335
0.8333333333333334
2.25
2.25
2.0
2.1666666666666665
1.8333333333333333
1.3333333333333333
2.25
