0.0
0.14285714285714285
0.2857142857142857
0.14285714285714285
0.14285714285714285
0.14285714285714285
3.7142857142857144
3.2857142857142856
3.7142857142857144
0.42857142857142855
0.2857142857142857
0.42857142857142855
0.2857142857142857
2.857142857142857
3.4285714285714284
0.2857142857142857
2.2857142857142856
1.2857142857142858
0.14285714285714285
3.7142857142857144
3.7142857142857144
3.2857142857142856
0.2857142857142857
3.7142857142857144
3.7142857142857144
3.5714285714285716
3.142857142857143
3.7142857142857144
3.5714285714285716
3.7142857142857144
0.2857142857142857
3.7142857142857144
3.7142857142857144
3.7142857142857144
3.7142857142857144
3.7142857142857144
3.7142857142857144
3.5714285714285716
3.7142857142857144
3.7142857142857144
3.4285714285714284
3.7142857142857144
3.7142857142857144
3.7142857142857144
3.7142857142857144
0.2857142857142857
3.7142857142857144
3.5714285714285716
3.7142857142857144
0.2857142857142857
