0.020874666
0.020595709
0.020511918
0.020511346
0.020409925
0.020348903
0.020337975
0.020257283
0.02025458
0.02007413
0.02006593
0.020060431
0.020042194
0.020024246
0.020003526
0.019997386
0.019993402
0.01998555
0.019977802
0.019960828
0.01996082
0.019955842
0.019953316
0.019944113
0.019926805
0.01992196
0.019919887
0.019919347
0.019905094
0.01990067
0.019888563
0.019868271
0.019866684
0.01986584
0.019865572
0.019853044
0.019850342
0.01984507
0.019838303
0.01983287
0.019826261
0.019806515
0.019795742
0.019793406
0.019790687
0.019787617
0.019787528
0.019772451
0.01973667
0.019733021
