0.75
0.6666666666666666
0.8333333333333334
1.6666666666666667
0.75
0.75
0.75
1.6666666666666667
1.1666666666666667
0.75
0.6666666666666666
0.75
1.6666666666666667
1.4166666666666667
1.4166666666666667
0.75
1.6666666666666667
1.6666666666666667
0.75
1.6666666666666667
1.6666666666666667
1.0833333333333333
1.6666666666666667
0.75
1.6666666666666667
1.6666666666666667
1.6666666666666667
1.0833333333333333
1.6666666666666667
0.75
1.6666666666666667
1.5
1.5
1.6666666666666667
1.6666666666666667
1.6666666666666667
1.6666666666666667
1.6666666666666667
1.6666666666666667
1.1666666666666667
1.6666666666666667
1.6666666666666667
1.6666666666666667
1.5
1.0833333333333333
1.6666666666666667
1.6666666666666667
1.6666666666666667
1.4166666666666667
1.6666666666666667
