0.02599483
0.025033846
0.024934346
0.024550114
0.02411254
0.023870822
0.023193344
0.023005841
0.022637706
0.021972924
0.02170821
0.021704998
0.021381423
0.021293161
0.02088483
0.020837702
0.02069885
0.020669524
0.020371983
0.020319676
0.019509714
0.019497758
0.019426646
0.019336157
0.019049902
0.01899074
0.018896462
0.018796923
0.018778281
0.018688258
0.018639646
0.018595671
0.018399922
0.01823048
0.01818464
0.018110134
0.01810392
0.018086616
0.018084105
0.018066466
0.018027226
0.017960787
0.017952718
0.017799178
0.01773905
0.017733358
0.017684644
0.017592633
0.017511567
0.017349752
