0.024434403
0.022365043
0.022342045
0.022125335
0.021917772
0.021560531
0.021536142
0.021501184
0.021456417
0.021264581
0.02088864
0.020835511
0.020703783
0.020675246
0.020251447
0.020159328
0.020126892
0.02011353
0.02005711
0.019961998
0.019719593
0.019707358
0.019689126
0.019666817
0.019641623
0.01954923
0.019534297
0.01951572
0.019387497
0.019360261
0.019357713
0.019264253
0.019238524
0.019220497
0.01921728
0.019182794
0.019145355
0.019061593
0.018963842
0.018934298
0.018932262
0.018915856
0.018892352
0.01886473
0.018841065
0.018830862
0.018828928
0.018799707
0.018750688
0.018708978
