0.03152149
0.02967151
0.026811846
0.025448976
0.024844611
0.02466485
0.023919007
0.02387574
0.022610681
0.02248517
0.021836322
0.021825708
0.021723025
0.021652248
0.020653449
0.020298637
0.019802798
0.019799773
0.01958272
0.019524673
0.019500244
0.019356217
0.019346133
0.019201789
0.019117568
0.018916532
0.018903987
0.018773893
0.018648425
0.018615868
0.018550826
0.018397551
0.018346231
0.018317768
0.017956054
0.017644139
0.017424854
0.01738168
0.017322943
0.01706235
0.017006127
0.016984599
0.01697811
0.016976468
0.016908571
0.016813654
0.016771218
0.016762985
0.016741682
0.016718188
