0.025437696
0.02243588
0.021837948
0.021749496
0.021610638
0.021156937
0.021022247
0.02100562
0.020842917
0.020687228
0.020575374
0.020428283
0.020183662
0.020135775
0.020120377
0.02005238
0.019979976
0.019963974
0.019843303
0.019790309
0.01973299
0.019722175
0.019698543
0.01966499
0.019653274
0.019651879
0.01963925
0.019638086
0.019629104
0.019619718
0.019609787
0.019608602
0.019563701
0.019535623
0.019422123
0.019398768
0.019240225
0.01918289
0.019166814
0.019163415
0.019153673
0.019143075
0.019134229
0.019103823
0.019074092
0.019044757
0.019033719
0.018992111
0.01896143
0.018957198
