0.0
0.16666666666666666
0.3333333333333333
0.16666666666666666
0.16666666666666666
4.333333333333333
4.5
3.3333333333333335
0.16666666666666666
1.3333333333333333
2.3333333333333335
4.166666666666667
0.3333333333333333
4.5
4.333333333333333
4.333333333333333
4.333333333333333
0.16666666666666666
4.5
4.333333333333333
4.5
4.333333333333333
4.5
4.333333333333333
4.166666666666667
4.5
3.8333333333333335
4.166666666666667
4.5
4.5
4.5
4.5
4.166666666666667
4.333333333333333
4.333333333333333
4.5
4.5
0.3333333333333333
4.5
4.166666666666667
4.166666666666667
4.5
3.1666666666666665
4.333333333333333
0.16666666666666666
4.166666666666667
4.333333333333333
4.0
0.3333333333333333
4.5
