0.026730357
0.024587782
0.023853147
0.022822158
0.022820523
0.022584053
0.02238497
0.021720452
0.021661855
0.021442734
0.021412695
0.020730082
0.020378781
0.020212047
0.020077247
0.02002799
0.020004062
0.019821215
0.019806216
0.019726045
0.019602269
0.019591996
0.019471224
0.019448267
0.019356972
0.019245896
0.019212708
0.019161405
0.01912674
0.019122912
0.019094646
0.019021118
0.019018343
0.019017734
0.019015407
0.018965963
0.018851293
0.01884917
0.018739043
0.018664172
0.018635351
0.018602323
0.018517505
0.018487293
0.018473998
0.018464906
0.018396487
0.018385477
0.018328099
0.018326862
