0.047028095
0.04016868
0.037361614
0.0357179
0.02779561
0.025574949
0.024963604
0.02468724
0.024631275
0.02356865
0.021958493
0.02173978
0.02097729
0.020125808
0.020020036
0.01962813
0.019508163
0.019393861
0.019167645
0.018770251
0.018588789
0.01810461
0.017892228
0.017745292
0.01771548
0.017557725
0.017382443
0.017360857
0.017272823
0.017204227
0.016643783
0.016632479
0.016534379
0.016327817
0.016183106
0.01617171
0.01593393
0.01587934
0.015848493
0.0152758695
0.0152516775
0.01516248
0.015016436
0.014970333
0.014958469
0.014940323
0.014693962
0.014659242
0.014655882
0.014648728
