0.021380575
0.021371339
0.02126659
0.021240167
0.021100877
0.021037871
0.02094749
0.020832328
0.020748315
0.020724334
0.02071517
0.020679755
0.020643499
0.02060953
0.020518243
0.020434212
0.020357791
0.020291708
0.020288488
0.020211445
0.020044923
0.020014515
0.019953214
0.019929446
0.01980691
0.01975392
0.019713975
0.019676436
0.019647246
0.019612378
0.019571582
0.019456947
0.019450242
0.019440828
0.019414246
0.019402472
0.01940172
0.019400723
0.019378372
0.01937145
0.019338865
0.019286692
0.019273018
0.019254668
0.019209038
0.019183224
0.019172395
0.01916518
0.01915091
0.019124825
