0.023865202
0.022836003
0.021641286
0.021111868
0.02090388
0.020640075
0.020383896
0.020169517
0.020094767
0.02004421
0.019989882
0.019952826
0.019951845
0.019925226
0.019920638
0.019919211
0.019889098
0.019880837
0.019874668
0.019856593
0.01982524
0.019824948
0.019817984
0.019814756
0.019806447
0.019793993
0.019787483
0.01978375
0.01974693
0.019737234
0.019710556
0.019695673
0.019670112
0.01966144
0.019654002
0.019647492
0.019637754
0.019634338
0.019629015
0.019609269
0.01959652
0.01955113
0.019550886
0.01953191
0.019521024
0.019500665
0.019432513
0.0193532
0.019329729
0.019292453
