0.021472903
0.021069705
0.020778844
0.02076909
0.020732025
0.020689154
0.02044593
0.020444069
0.020424837
0.020409023
0.020381778
0.02031847
0.020256603
0.020208823
0.020200865
0.020129541
0.020064775
0.020042256
0.020041594
0.019988883
0.01998618
0.019943492
0.01993061
0.019896766
0.019888647
0.019876163
0.019866545
0.019861475
0.019836307
0.019823955
0.019755092
0.0197063
0.019697206
0.019692812
0.019674914
0.019671565
0.019664202
0.019653333
0.019643765
0.019636972
0.019631676
0.019618511
0.019583661
0.019580778
0.019551234
0.019529656
0.01948842
0.019484676
0.01948305
0.019472789
