0.025239766
0.023930453
0.02385734
0.022512242
0.022063823
0.021841556
0.021689126
0.021382425
0.021378854
0.021211604
0.020826694
0.020589726
0.020447383
0.020386184
0.020349149
0.02023326
0.020184971
0.020086259
0.020043017
0.0200425
0.019846832
0.019733826
0.019684054
0.019659773
0.019642316
0.019577457
0.019465014
0.019390434
0.019223101
0.019202603
0.019192958
0.019115893
0.019070048
0.019045034
0.019023178
0.018933864
0.01889341
0.01887402
0.018866615
0.018864037
0.018806523
0.018731855
0.018676424
0.018648593
0.018647777
0.018620564
0.018600455
0.018561043
0.01855538
0.018550608
