0.034965232
0.03488064
0.027149467
0.026216775
0.025379283
0.023777582
0.023330364
0.0228959
0.022302568
0.02159691
0.02138314
0.021189319
0.020993613
0.020503258
0.020474182
0.020183517
0.019889563
0.019831475
0.019404307
0.019393347
0.019351555
0.01925133
0.019177748
0.018855821
0.018418102
0.018359588
0.018296711
0.018294306
0.018235045
0.01821909
0.018131308
0.018106667
0.017856322
0.017757265
0.017749589
0.017599668
0.017556043
0.017517198
0.017465206
0.017426835
0.017398218
0.017384656
0.017327327
0.017266339
0.017223604
0.01701686
0.016910313
0.016825076
0.01667282
0.01660896
