0.021566655
0.02156423
0.021192526
0.021185258
0.021093845
0.020787558
0.020648621
0.02060446
0.02054839
0.020448169
0.020411182
0.02036959
0.020288931
0.020226238
0.020190047
0.020129684
0.020102251
0.020062773
0.020031758
0.019989192
0.019958904
0.019951379
0.019927315
0.019841975
0.01980059
0.019780306
0.01976201
0.019751588
0.019726234
0.019712003
0.019703856
0.019699017
0.019683804
0.01962967
0.019591155
0.019578341
0.01957253
0.019566627
0.019543074
0.01950695
0.01947016
0.019463358
0.019459434
0.019450996
0.019443527
0.019432468
0.019401696
0.019395445
0.019378498
0.019375699
