0.028297275
0.026119215
0.023987941
0.022980126
0.022859575
0.02271834
0.02213667
0.021640819
0.021405537
0.021228464
0.020926794
0.020803211
0.020747961
0.020572394
0.020515203
0.020361263
0.020307867
0.02027357
0.020069245
0.019924339
0.019799711
0.019755252
0.019549608
0.019539619
0.01939354
0.01930853
0.01923981
0.018997287
0.01893598
0.018856646
0.018855264
0.01878489
0.018773416
0.018741798
0.01873949
0.018671967
0.01865078
0.018615503
0.01858763
0.018513585
0.018491877
0.018467233
0.018432355
0.0183759
0.018169167
0.018150313
0.017973758
0.017922977
0.01791698
0.017913248
