0.46153846153846156
0.46153846153846156
0.6923076923076923
0.5384615384615384
0.46153846153846156
0.6153846153846154
0.5384615384615384
0.46153846153846156
0.46153846153846156
0.46153846153846156
0.5384615384615384
0.5384615384615384
0.46153846153846156
0.6153846153846154
0.3076923076923077
0.9230769230769231
0.6923076923076923
0.6153846153846154
0.6153846153846154
0.5384615384615384
0.6153846153846154
0.6153846153846154
0.5384615384615384
0.5384615384615384
0.7692307692307693
0.5384615384615384
0.5384615384615384
1.0
0.38461538461538464
0.46153846153846156
1.0
0.9230769230769231
0.5384615384615384
0.6923076923076923
0.5384615384615384
0.6923076923076923
0.46153846153846156
0.46153846153846156
0.5384615384615384
0.6153846153846154
0.46153846153846156
1.0
0.5384615384615384
0.46153846153846156
0.9230769230769231
0.38461538461538464
0.5384615384615384
0.6923076923076923
0.7692307692307693
0.9230769230769231
