0.046521224
0.04108765
0.03348514
0.03200047
0.028974948
0.02856406
0.027655177
0.022872241
0.022592667
0.022436516
0.022010146
0.02127083
0.021248475
0.02018789
0.020067986
0.019308098
0.019218
0.018915696
0.018762982
0.018690865
0.018629208
0.018501349
0.017914312
0.017841471
0.017789442
0.01765705
0.017623082
0.017507475
0.017376566
0.017207272
0.016713317
0.016554497
0.016553985
0.016258838
0.016256107
0.016195608
0.016054632
0.016030492
0.01584762
0.015688853
0.015632216
0.015615368
0.015602612
0.015589503
0.015523587
0.015496154
0.0152987605
0.015260362
0.0150396405
0.014869574
