0.024452103
0.023107648
0.022775078
0.021998104
0.021897897
0.021846013
0.021645708
0.021515336
0.02122283
0.02081447
0.020671943
0.020529583
0.02014123
0.019991258
0.019870372
0.0198151
0.019759048
0.019667512
0.019654013
0.01962375
0.019600138
0.019598937
0.019572074
0.019570526
0.019541265
0.019522754
0.01948458
0.019467724
0.019392557
0.019364187
0.019338226
0.019296927
0.019290287
0.01927516
0.019244216
0.019234397
0.01922547
0.019221341
0.019195428
0.019177618
0.019177144
0.019171769
0.019165926
0.019160623
0.019159494
0.019127583
0.019123832
0.01911499
0.019104779
0.019081106
