0.027289912
0.024890736
0.023449538
0.023257682
0.022702051
0.022333149
0.022081254
0.021526275
0.021409407
0.021184048
0.020783246
0.02066621
0.020612035
0.020603467
0.02038081
0.020053925
0.019928858
0.01969221
0.019661775
0.019613778
0.019581815
0.01951582
0.019504355
0.019389633
0.019387199
0.019345261
0.019274032
0.019206036
0.0191948
0.019143153
0.019119458
0.019110411
0.019089825
0.01904679
0.018997084
0.018910846
0.018901024
0.018828174
0.018817509
0.018706432
0.018688558
0.018681062
0.018635662
0.018623563
0.018595843
0.018360315
0.018348718
0.018331852
0.018322406
0.01822201
