0.022923203
0.022475129
0.022252286
0.021756189
0.021754758
0.021655876
0.021623317
0.02128934
0.021133183
0.020837795
0.020642394
0.020528201
0.020489942
0.020388475
0.020387061
0.020283148
0.020166509
0.020115562
0.020102048
0.019878693
0.019861111
0.01981397
0.019755041
0.019741403
0.019704157
0.019633185
0.019626316
0.019565532
0.01949159
0.019487906
0.019458003
0.019446418
0.019445071
0.01941102
0.019389864
0.019296715
0.01925185
0.019241503
0.019162666
0.01911529
0.019046253
0.019040326
0.019033516
0.01901122
0.018941084
0.018907057
0.018900923
0.018861486
0.01885048
0.018826032
