0.022191906
0.02209954
0.021472953
0.021087553
0.02066248
0.020640396
0.020331971
0.020299962
0.020273702
0.020205028
0.020157415
0.020123968
0.02012388
0.020121688
0.020088129
0.020077199
0.020051202
0.020047754
0.02002069
0.020015191
0.01999326
0.019954788
0.019886028
0.01988038
0.019872515
0.019841382
0.01979814
0.019790832
0.01977805
0.019767987
0.019720977
0.01968626
0.019683903
0.019681744
0.019664072
0.019661866
0.019655835
0.019644717
0.019608185
0.019606795
0.019535098
0.019529419
0.019496344
0.019496253
0.019476797
0.019458292
0.019451173
0.019434866
0.019426301
0.019425232
