0.024636725
0.02415008
0.023442639
0.021560093
0.02139718
0.021311233
0.021101147
0.020883992
0.020840745
0.020714665
0.020546576
0.020535393
0.02040738
0.020282915
0.020233102
0.02006519
0.020059846
0.019972099
0.019914443
0.019903297
0.01985639
0.01984979
0.019820182
0.019763904
0.019654937
0.019623054
0.019597784
0.019555515
0.019454788
0.019448435
0.019401018
0.019390106
0.019371118
0.0193024
0.019266158
0.019262686
0.019195411
0.019114383
0.019109158
0.019085951
0.019080771
0.019044619
0.01898191
0.018973816
0.018891534
0.018881876
0.018845147
0.018747212
0.01874611
0.018725049
