0.026729366
0.024111647
0.023409983
0.023197455
0.022737678
0.022595592
0.021633133
0.021210073
0.02114934
0.020863382
0.020369131
0.020349916
0.020240908
0.020218628
0.020200342
0.020158472
0.02011234
0.01998185
0.019920161
0.019824592
0.019805532
0.019775571
0.019755684
0.019621637
0.019608637
0.019604161
0.01951485
0.01950772
0.019430052
0.019402025
0.019332252
0.019249313
0.019239195
0.019225948
0.019224104
0.019046964
0.01903009
0.018951293
0.018844323
0.01878979
0.01871468
0.018566957
0.018481709
0.0184082
0.018385915
0.018374218
0.01835387
0.01831364
0.018244492
0.018183256
