0.032699093
0.02605707
0.025388928
0.023621863
0.022688149
0.021894777
0.021747138
0.02132189
0.021143794
0.020841684
0.020681744
0.020676125
0.020646466
0.020570295
0.020435175
0.020237142
0.02023136
0.019929484
0.019880228
0.01980332
0.019716823
0.019705832
0.019629594
0.0195613
0.01919942
0.019053144
0.018961132
0.01891276
0.018898368
0.018829912
0.018807335
0.018705517
0.018621905
0.01861779
0.018551234
0.018441323
0.018439187
0.018325683
0.018275566
0.01826499
0.018262401
0.0182309
0.018225724
0.018222168
0.018198371
0.018190267
0.018172462
0.018166319
0.018162534
0.018154321
