0.028359257
0.023907604
0.023423932
0.022194013
0.021943454
0.021819124
0.02175981
0.02147876
0.021461504
0.020985583
0.020870272
0.020768745
0.020703899
0.020673629
0.02063675
0.020632438
0.020060848
0.019778946
0.019715704
0.019638823
0.019567773
0.019430196
0.019362405
0.019354265
0.019328702
0.019293472
0.019276913
0.019228417
0.019147672
0.019118577
0.019104159
0.019051773
0.019049255
0.019046303
0.018990539
0.018948719
0.018942244
0.018836057
0.01877592
0.018738616
0.018736126
0.018734686
0.018701216
0.01870078
0.018673632
0.018658593
0.018630601
0.018616885
0.01857978
0.018562632
