0.024436414
0.02236517
0.022230763
0.021790488
0.021725822
0.021590943
0.021486571
0.02144234
0.021274967
0.021115793
0.020963557
0.020847479
0.020709705
0.02041377
0.020390071
0.020310083
0.020235274
0.02014419
0.020118559
0.020102892
0.020010998
0.019946655
0.019918352
0.019792315
0.019722283
0.019665845
0.0196383
0.019628754
0.019535894
0.01943296
0.019427054
0.019398844
0.0193727
0.019251296
0.019223198
0.019112661
0.018990882
0.018951098
0.018910022
0.018862683
0.018818203
0.018813845
0.018791048
0.01877317
0.018754026
0.018739996
0.018730298
0.018724225
0.01869705
0.018670658
