0.03030227
0.028180465
0.027574902
0.025432957
0.024819413
0.023935845
0.022616496
0.022498958
0.021222927
0.021045454
0.021043502
0.020490974
0.02040508
0.020210579
0.020176237
0.020028768
0.01983363
0.019730661
0.0197038
0.019649018
0.019492846
0.01910666
0.019072505
0.01889697
0.018872268
0.018868996
0.018817158
0.018737314
0.018660385
0.018488955
0.018484702
0.018481823
0.018350061
0.01831708
0.018263066
0.018228628
0.018185463
0.018157516
0.018150745
0.018113382
0.018104892
0.018056266
0.017983783
0.01798354
0.017922029
0.017908545
0.017874103
0.017872319
0.017835481
0.017810581
