0.02435239
0.023066886
0.02273103
0.022631966
0.022608312
0.022388311
0.021996398
0.021901662
0.021659521
0.020791346
0.020658342
0.020532602
0.020485755
0.020341512
0.02030009
0.020251835
0.02024119
0.020128546
0.020059632
0.020003946
0.01992032
0.019912198
0.01988154
0.019874692
0.01985832
0.019821053
0.019791618
0.019782158
0.019724997
0.019717526
0.01953017
0.019400327
0.019159423
0.019134644
0.019112473
0.019081054
0.019030709
0.01902164
0.019000446
0.01876914
0.018726878
0.018497448
0.018479792
0.018390603
0.018369837
0.018296994
0.018210096
0.018173667
0.018107468
0.018091511
