0.022123517
0.022068514
0.022016052
0.021751761
0.021627473
0.021601776
0.020972168
0.02093018
0.020888133
0.02080431
0.020726904
0.020476263
0.020412788
0.020337058
0.020333283
0.020217534
0.02021581
0.02015123
0.020105485
0.020031217
0.019983057
0.01993381
0.019863607
0.019825313
0.019813467
0.019795282
0.019792603
0.019711269
0.019658081
0.01961007
0.019604295
0.01951333
0.01947502
0.019472579
0.019438818
0.019354595
0.019323941
0.019294927
0.019280067
0.019236166
0.019233605
0.019174287
0.019104365
0.019066153
0.018994754
0.018976135
0.018968882
0.01892076
0.018903762
0.018885566
