0.037713468
0.03536554
0.031866826
0.030876435
0.027310597
0.026464699
0.026415806
0.025893437
0.02528131
0.022148924
0.022068227
0.020450873
0.020175299
0.019911056
0.019762475
0.019552676
0.019148536
0.018944949
0.01892251
0.01883134
0.018519642
0.01837526
0.018339302
0.018279616
0.018156724
0.017902512
0.017749684
0.017517257
0.017492643
0.01741165
0.017299337
0.01724961
0.017140942
0.01713444
0.017111309
0.017007688
0.01700486
0.016693832
0.016692694
0.01663058
0.016584074
0.01656313
0.016457865
0.016293036
0.016259927
0.01623975
0.016227582
0.016215546
0.016176267
0.01616828
