0.023233118
0.022708148
0.021818805
0.021719849
0.02134567
0.02129877
0.021114465
0.020901652
0.020878846
0.020784842
0.020680236
0.020574687
0.020152297
0.020130277
0.020072693
0.020033695
0.01996902
0.01987578
0.01984507
0.019832557
0.019810598
0.019794777
0.019791778
0.019791598
0.019790936
0.01971456
0.019670669
0.01966538
0.019647095
0.01957626
0.019571422
0.019565077
0.019550359
0.019468544
0.01941997
0.019401964
0.019386794
0.019363847
0.019355869
0.01933787
0.019308507
0.019299148
0.019283846
0.019248188
0.019150577
0.019106986
0.019023448
0.019008987
0.018980479
0.018943882
