0.037199683
0.028413624
0.026922526
0.026453106
0.025294717
0.024771139
0.022797687
0.022310244
0.022266723
0.021671865
0.021318967
0.021035051
0.02089783
0.02014177
0.019891234
0.01985095
0.019418152
0.019300777
0.01909539
0.018996475
0.01889975
0.018898273
0.01887884
0.018864257
0.018801577
0.01875593
0.018686904
0.018655883
0.018566461
0.018401317
0.018277867
0.018216988
0.018030087
0.018028203
0.018000012
0.01797093
0.017894909
0.0177699
0.01776233
0.01772269
0.017634735
0.017619183
0.017600406
0.017594954
0.017569933
0.017567053
0.017544702
0.017337166
0.017300202
0.017100658
