0.025314301
0.025007458
0.022838479
0.022666886
0.022180842
0.022180334
0.021797229
0.02133449
0.02130449
0.021118898
0.020939158
0.020791862
0.02068134
0.020673396
0.020658066
0.020401003
0.020043364
0.020024985
0.019903528
0.01976046
0.019665148
0.019647587
0.019534966
0.019510401
0.019475417
0.019416975
0.01940912
0.019348605
0.019327031
0.019289903
0.019265829
0.019234171
0.019231444
0.019223431
0.019185908
0.019139206
0.019001715
0.018913805
0.018907057
0.018760398
0.018754408
0.018726023
0.018693972
0.018661227
0.018600954
0.01842367
0.018306717
0.018256666
0.018246891
0.018220708
