0.026283687
0.023266971
0.022680132
0.021823974
0.021676153
0.021339532
0.021147333
0.020625636
0.020607721
0.02057904
0.020444557
0.020420406
0.020403381
0.0203404
0.02011639
0.02009597
0.020044388
0.019998562
0.019934071
0.019907054
0.019892596
0.019775653
0.019738313
0.01970265
0.019694297
0.019689227
0.01967797
0.019634161
0.019629866
0.019613298
0.019562136
0.019559452
0.019417727
0.019393304
0.01921963
0.019203369
0.019194663
0.019173773
0.019071285
0.019054072
0.01903303
0.019029573
0.018914707
0.018875115
0.018838497
0.018829573
0.018790178
0.018740863
0.0186639
0.01865176
