0.025122048
0.024336666
0.024267187
0.023905333
0.022424186
0.021231087
0.020972854
0.020728422
0.020638626
0.020597937
0.020553954
0.020501511
0.020465538
0.020288013
0.02024392
0.020212052
0.020148626
0.020094708
0.02003129
0.019827291
0.01978814
0.019774267
0.019635065
0.019551488
0.019549837
0.01953141
0.019514069
0.019470494
0.019464359
0.019299567
0.019245742
0.0192028
0.019176707
0.01914113
0.019129826
0.019044174
0.019037915
0.019036638
0.019031283
0.019007545
0.018928912
0.018903658
0.018722387
0.018696997
0.01866782
0.018633999
0.01860971
0.018560067
0.018553698
0.018499052
