0.02262002
0.022081103
0.021402698
0.02139114
0.021334276
0.020885374
0.020866297
0.020806791
0.020770565
0.020679971
0.020633655
0.020584136
0.020479651
0.020396532
0.020368127
0.020320082
0.020296808
0.020296367
0.020236947
0.020232126
0.020156965
0.02013196
0.0201061
0.02007243
0.02003343
0.019890139
0.019827621
0.019824026
0.019769501
0.019705208
0.019625558
0.01953318
0.019491771
0.01949165
0.019413123
0.019411849
0.019370757
0.0192869
0.019192997
0.019170532
0.019135615
0.019131508
0.01913106
0.019024817
0.01896166
0.018956877
0.018876178
0.018867401
0.018866979
0.018859584
