0.025876852
0.025718361
0.024744723
0.02400578
0.02374041
0.023360277
0.022662882
0.02223692
0.021808203
0.021650398
0.021601407
0.021526549
0.021117562
0.020740611
0.02039271
0.020354547
0.02030341
0.020000353
0.01990839
0.019772422
0.019636324
0.01946626
0.019372413
0.019357331
0.019236658
0.019223595
0.019128144
0.019070668
0.01904637
0.018987656
0.018979058
0.018869305
0.01858946
0.01857445
0.01852286
0.01850755
0.018450761
0.018436074
0.018390046
0.018350549
0.01829482
0.018267056
0.018256733
0.018148715
0.01814592
0.01811834
0.017997956
0.017798474
0.017638203
0.017615529
