0.022481602
0.022388408
0.022087766
0.021977993
0.021942748
0.021649586
0.02152585
0.02148965
0.02089906
0.02081023
0.020643657
0.02052055
0.020470617
0.020139204
0.020064497
0.020051906
0.019999731
0.019966187
0.019957181
0.019901758
0.019846022
0.019821415
0.019817403
0.019739708
0.019682234
0.019624554
0.019609036
0.019601904
0.019594034
0.019576551
0.019528119
0.019481992
0.019474797
0.019473527
0.019407177
0.019347817
0.01928229
0.019223547
0.019210314
0.019123413
0.019111978
0.01909046
0.019089792
0.019073429
0.019062556
0.019060694
0.019028157
0.019025702
0.01902071
0.019002482
