0.03296448
0.02482452
0.02459774
0.022823747
0.022449091
0.022340197
0.022107447
0.021976864
0.021879653
0.021800913
0.021138774
0.021031562
0.020724142
0.020573134
0.02054276
0.020462437
0.020371577
0.020341031
0.02018764
0.02010147
0.01987838
0.019804563
0.019772206
0.019746963
0.019680312
0.019282948
0.019047486
0.019042144
0.018998114
0.01894181
0.018878262
0.018749736
0.018741067
0.018711913
0.018637968
0.018492796
0.018395917
0.018315574
0.018314727
0.018284552
0.017919483
0.017879946
0.017846873
0.017797075
0.017720584
0.017676078
0.017665839
0.017563412
0.017520795
0.017453244
