0.027650326
0.02731394
0.024517251
0.023863371
0.022496
0.021989934
0.021950632
0.021844164
0.02147486
0.021369167
0.021079628
0.020919133
0.020742722
0.020717615
0.02056368
0.020546144
0.020518918
0.020446919
0.020262076
0.01982264
0.019783834
0.01971703
0.01953504
0.01940092
0.019336626
0.01928135
0.019117331
0.01892779
0.018829536
0.018735591
0.01873255
0.018653987
0.018564446
0.01855972
0.018555889
0.018547831
0.018474534
0.018449984
0.018374817
0.018316284
0.018271863
0.018263416
0.018259194
0.018258581
0.018245827
0.018221594
0.018170904
0.018146168
0.018142872
0.01803541
