0.021756666
0.021650719
0.021438431
0.021375375
0.021118505
0.020830397
0.020813055
0.020730471
0.020576414
0.020511935
0.020500354
0.020419572
0.020398203
0.020332325
0.020245459
0.020188985
0.02016873
0.020163674
0.020162862
0.020125812
0.019988377
0.019944096
0.019899577
0.01987136
0.019864557
0.019827086
0.019794088
0.01977378
0.019745149
0.01970196
0.019666515
0.019545754
0.019541366
0.019524414
0.019523071
0.019510308
0.019489864
0.0194643
0.019464068
0.019445283
0.019383248
0.01935797
0.019323349
0.019312914
0.019283827
0.019262342
0.019254062
0.019253101
0.01925141
0.019224921
