0.023074778
0.022931868
0.022866879
0.02226259
0.022153983
0.022048926
0.021794962
0.021688348
0.021443728
0.021330459
0.021070085
0.0208067
0.020631885
0.02049816
0.020306619
0.020281503
0.020193879
0.020092346
0.020005696
0.01999883
0.019818302
0.0198122
0.019801067
0.019646319
0.019570973
0.0195639
0.01955328
0.019508189
0.019507388
0.01927285
0.019259835
0.019248355
0.019233776
0.019193245
0.019192128
0.019175554
0.019084835
0.019006282
0.019005347
0.018952921
0.018898476
0.018843248
0.018789105
0.018783828
0.018744905
0.01868396
0.018615857
0.018610524
0.018571062
0.018570086
