0.023010125
0.022076901
0.021717792
0.021495491
0.021440033
0.021358682
0.021231653
0.021224706
0.021104861
0.021009235
0.02099949
0.020944586
0.020912481
0.020647205
0.020606468
0.020513725
0.020390155
0.02038946
0.020303871
0.020241877
0.020236334
0.020175586
0.019989576
0.019960348
0.01990471
0.019857869
0.019680593
0.019648878
0.019644085
0.019625822
0.01962099
0.019535447
0.019519677
0.01934063
0.019313484
0.01912122
0.01903423
0.01902633
0.019020474
0.018986024
0.018912882
0.018909024
0.018870726
0.018806562
0.018684994
0.018677592
0.018663764
0.018549414
0.018546471
0.01851743
