0.028701091
0.027835475
0.025584834
0.025277916
0.023729261
0.022147374
0.021707004
0.0213968
0.021344317
0.021215726
0.020965261
0.020891469
0.020658612
0.020531865
0.020524839
0.02047616
0.020301169
0.02019399
0.020048376
0.019997347
0.019989682
0.019623006
0.019499594
0.019187607
0.019132273
0.019112254
0.019001395
0.018988576
0.018939516
0.01880467
0.018743038
0.01872452
0.01869053
0.018629156
0.018515643
0.018397976
0.018396087
0.018359294
0.018251626
0.018187808
0.0181833
0.018161125
0.018054303
0.017929044
0.017898493
0.017880242
0.017877992
0.017840624
0.017777663
0.017694155
