0.022117095
0.021793514
0.021710599
0.021567224
0.021203931
0.02117494
0.02112658
0.020873884
0.020734416
0.020580972
0.020481657
0.020069838
0.019995289
0.019978188
0.01988834
0.019879295
0.019874385
0.019867238
0.01982636
0.019823326
0.019790549
0.019785943
0.019746969
0.019737976
0.019734912
0.019734304
0.019719051
0.019710537
0.019654168
0.01964153
0.019631207
0.019630136
0.019628184
0.019595036
0.01959282
0.019588225
0.019560752
0.019560015
0.01954131
0.01948178
0.019478308
0.019477794
0.019477647
0.019476939
0.019456433
0.019434597
0.01942443
0.019399354
0.019373251
0.019368837
