0.024853358
0.021973085
0.021840777
0.021772748
0.021688176
0.021543525
0.021417432
0.021301212
0.02111588
0.021071348
0.021032885
0.02081436
0.020754656
0.020483484
0.020324158
0.020062866
0.019902509
0.01988634
0.019808741
0.019657493
0.019578353
0.019536462
0.019510264
0.019506479
0.019486256
0.019459125
0.019457411
0.019437725
0.019351138
0.019347524
0.019312678
0.019299818
0.019293625
0.019292261
0.019279236
0.019278308
0.019270044
0.019254977
0.0192497
0.019205716
0.019196903
0.01918487
0.019159067
0.019136889
0.019134453
0.019110538
0.019103711
0.019101188
0.019081546
0.019078752
