0.030476866
0.02519219
0.023953365
0.02357869
0.023167944
0.02315841
0.02174375
0.021373441
0.021085467
0.021017363
0.020969197
0.020704051
0.020648835
0.02052242
0.02051271
0.020330215
0.020217704
0.02004611
0.019755283
0.019703627
0.019569151
0.019432945
0.019389654
0.019303866
0.019211588
0.019188747
0.019059187
0.019037848
0.019028446
0.019010806
0.01897565
0.018867472
0.01885545
0.01884746
0.018817933
0.018774614
0.018702585
0.01869022
0.018482013
0.018424865
0.01836151
0.018347707
0.018325647
0.018291427
0.018186415
0.018175496
0.018157063
0.018141236
0.01810873
0.018076608
