0.025044072
0.024574524
0.0245027
0.024395954
0.023245016
0.022088468
0.021302395
0.020633966
0.020614572
0.020575633
0.020519694
0.020367743
0.020182451
0.02011739
0.020087158
0.020054916
0.020050999
0.020027114
0.019985687
0.019914983
0.019851558
0.019808661
0.01980509
0.019570658
0.019564336
0.019547105
0.019479116
0.019400215
0.019390624
0.01917512
0.019123841
0.019117385
0.019106971
0.019069687
0.019058935
0.019046051
0.019045224
0.01891157
0.018878164
0.018855197
0.018837033
0.018771673
0.018747127
0.018735962
0.018559994
0.018549241
0.018522652
0.018404989
0.01840059
0.018379822
