0.027129022
0.024995001
0.024129117
0.023923725
0.022964675
0.022895029
0.022849068
0.022503616
0.022387076
0.022220127
0.022116542
0.021945583
0.021716705
0.021536794
0.021487296
0.021059608
0.020958241
0.020932218
0.020297408
0.020226033
0.020165855
0.01982699
0.019687112
0.019508889
0.019451858
0.019302081
0.019297417
0.019050693
0.019014329
0.018911798
0.018899927
0.018885646
0.01878893
0.018319061
0.018163333
0.01800925
0.01794
0.017938364
0.017867045
0.01778307
0.017703256
0.017589303
0.017559443
0.017555185
0.017502945
0.017490473
0.017416036
0.017393438
0.017379599
0.017325817
