0.032925077
0.027042774
0.02674491
0.025418593
0.024662197
0.023766356
0.023183467
0.022795146
0.022092652
0.021803377
0.021776062
0.021729516
0.02083271
0.020450875
0.020399708
0.020287625
0.020127779
0.019982796
0.019959694
0.019715803
0.019413477
0.019383289
0.019349666
0.019324617
0.019175075
0.018871348
0.018814895
0.018646974
0.018447252
0.018384974
0.018329058
0.018254066
0.01822674
0.017974814
0.01796293
0.017936641
0.017880158
0.017763853
0.017752722
0.017697537
0.017632494
0.017622218
0.017604997
0.017603222
0.01748835
0.017438387
0.017437851
0.017304098
0.01730126
0.017279785
