0.032655887
0.030067746
0.02837329
0.025115449
0.024676494
0.024290916
0.022955673
0.021465413
0.021285951
0.02124449
0.020842176
0.020445067
0.020261843
0.01997555
0.019875774
0.019607384
0.019542849
0.019520761
0.019494055
0.019355474
0.019299585
0.019099263
0.018991582
0.018901585
0.018891564
0.018879179
0.018704569
0.018566927
0.018547965
0.018542547
0.018472087
0.018382993
0.018381216
0.018338064
0.018338045
0.018299013
0.018258367
0.01823435
0.018057777
0.018045766
0.017946456
0.017910544
0.017861957
0.017856084
0.01782052
0.017793521
0.017783767
0.017617503
0.017593354
0.01753165
