0.032703254
0.032033216
0.030740468
0.03047372
0.028376997
0.025817111
0.025584903
0.02429152
0.021579657
0.021310976
0.02084551
0.020723563
0.020541469
0.0204449
0.020298423
0.019935878
0.019857446
0.019637661
0.01961473
0.019461516
0.019354876
0.01919044
0.018907897
0.018601714
0.018562606
0.018526422
0.01844749
0.018298043
0.017942457
0.017931879
0.017917119
0.01787109
0.017828532
0.017564232
0.017417496
0.017304944
0.017151479
0.017146567
0.017144455
0.017094973
0.01709227
0.017015861
0.016774377
0.016670858
0.016535636
0.016396213
0.016285801
0.016280059
0.01627464
0.016196603
