0.029441688
0.025657872
0.025635963
0.025077293
0.024419568
0.02279402
0.022758657
0.021958128
0.02187024
0.021827249
0.021132082
0.020927148
0.02090394
0.02083101
0.020678435
0.02046686
0.020311732
0.019750679
0.019603306
0.019564552
0.01948699
0.019262718
0.019213159
0.019170076
0.019114533
0.019039571
0.019009804
0.018975338
0.018974977
0.018826948
0.01862279
0.01861683
0.01859804
0.018566128
0.018554991
0.018546684
0.018532673
0.018502505
0.018295912
0.018228155
0.018157978
0.018028844
0.017949792
0.017947234
0.017920002
0.017851168
0.0176587
0.017637359
0.017610673
0.017488971
