0.03524241
0.026286472
0.02566571
0.02301347
0.021705402
0.021406721
0.021229614
0.020980984
0.02078435
0.020674352
0.02035856
0.020345211
0.020070901
0.0198621
0.019713402
0.019608086
0.019602846
0.019426186
0.019397633
0.019289274
0.019201651
0.019162707
0.019103484
0.019045541
0.019040443
0.019018857
0.019006295
0.018999282
0.018986177
0.018965326
0.01894729
0.018944137
0.018929573
0.018907283
0.018906353
0.018880067
0.018878806
0.01887675
0.01884473
0.018668616
0.018649932
0.018619012
0.018611271
0.018608758
0.01860431
0.018595103
0.0185936
0.018585155
0.018584223
0.018571595
