0.029177621
0.026145276
0.023203406
0.022185076
0.022055812
0.022015994
0.021981405
0.020947818
0.020937296
0.02063305
0.020628316
0.020627651
0.020549184
0.020451747
0.020409213
0.020373996
0.020247791
0.020193499
0.020131836
0.02007187
0.02001793
0.019822296
0.019727577
0.01945383
0.019450668
0.019402446
0.019392401
0.019346952
0.019125313
0.019071797
0.018961495
0.018906722
0.018833572
0.018829415
0.018800769
0.018686043
0.018660996
0.018642472
0.018621063
0.018602865
0.018580971
0.018566523
0.018544989
0.018496744
0.018470848
0.018428456
0.018422082
0.018416937
0.018388055
0.018359948
