0.026115038
0.024346327
0.023601305
0.022549314
0.0224061
0.022233363
0.021949308
0.021649403
0.021411866
0.021242404
0.020967701
0.020783938
0.020676864
0.020622557
0.020520404
0.020504612
0.02040483
0.020304661
0.02022282
0.020119721
0.01997146
0.019795444
0.019780466
0.019755127
0.01969035
0.019684209
0.019496467
0.019370627
0.019302161
0.019020414
0.019010916
0.018963413
0.01890417
0.018899199
0.018792747
0.0187871
0.01871702
0.0186994
0.018631006
0.018630682
0.018601619
0.018562227
0.018524926
0.018343277
0.018320233
0.018280225
0.018271051
0.018213747
0.018200366
0.01814758
