0.030874407
0.02965821
0.025752781
0.023985557
0.023176387
0.02281673
0.022601027
0.022268442
0.022061905
0.021379359
0.02103254
0.020435704
0.020325402
0.020217335
0.020148525
0.019876843
0.019859502
0.019704556
0.019520948
0.019476706
0.01936809
0.019325048
0.019265482
0.019258982
0.019236581
0.019158425
0.019015543
0.01899937
0.018838426
0.018812599
0.018801365
0.018721951
0.018688593
0.01864011
0.01863023
0.01856994
0.018500991
0.018310463
0.018273707
0.018117025
0.018022005
0.01789854
0.017886218
0.017866217
0.01780814
0.017797653
0.01778783
0.017768046
0.017744021
0.01771548
