2.6666666666666665
2.4444444444444446
2.7777777777777777
2.6666666666666665
2.4444444444444446
2.5555555555555554
2.0
2.7777777777777777
2.2222222222222223
2.3333333333333335
2.0
2.3333333333333335
2.6666666666666665
2.6666666666666665
2.3333333333333335
2.3333333333333335
2.3333333333333335
2.111111111111111
2.6666666666666665
2.6666666666666665
2.6666666666666665
2.2222222222222223
2.6666666666666665
2.3333333333333335
2.2222222222222223
2.4444444444444446
2.2222222222222223
2.2222222222222223
2.111111111111111
2.6666666666666665
2.0
2.2222222222222223
2.111111111111111
2.3333333333333335
2.7777777777777777
2.5555555555555554
2.5555555555555554
2.6666666666666665
1.1111111111111112
2.0
2.6666666666666665
2.2222222222222223
2.111111111111111
2.5555555555555554
2.111111111111111
2.5555555555555554
2.4444444444444446
2.5555555555555554
2.5555555555555554
2.5555555555555554
