0.027914267
0.024841396
0.023779655
0.023189222
0.022920353
0.02247471
0.021670327
0.021460561
0.021307554
0.021272246
0.021027321
0.020825984
0.020559793
0.020543015
0.020211658
0.020125957
0.02012331
0.020081915
0.020078797
0.019978715
0.019875852
0.01969072
0.01954549
0.019536803
0.019485451
0.019354602
0.01928129
0.019199466
0.019159047
0.01908956
0.019052383
0.019033412
0.019004092
0.018975537
0.018844796
0.018796196
0.018760003
0.018741407
0.018701356
0.018661935
0.018577427
0.018556193
0.018511146
0.018493548
0.018417126
0.018224817
0.018184379
0.018065285
0.01806388
0.017729936
