0.02369773
0.02236423
0.02227264
0.021383956
0.021260068
0.02111055
0.02079061
0.020522734
0.020428251
0.020416515
0.020335028
0.020255493
0.020210512
0.020156035
0.020074964
0.02003823
0.02003093
0.020007137
0.019858439
0.01984694
0.019806998
0.019777533
0.019765431
0.019760907
0.019724917
0.019711025
0.019651199
0.019632697
0.019583564
0.019553594
0.019525198
0.019521408
0.019510465
0.019492783
0.01948753
0.019469902
0.019443389
0.019417956
0.019403268
0.019374236
0.019366331
0.01935544
0.019355394
0.019352349
0.019351311
0.019342327
0.019338058
0.019298397
0.019286685
0.019278703
