0.02640628
0.025351634
0.025176477
0.024296347
0.02404432
0.023846086
0.02329957
0.023078686
0.023004938
0.022933919
0.022692392
0.022050483
0.021755219
0.02164777
0.021495646
0.021089328
0.021060036
0.020941775
0.020343272
0.020247607
0.019624557
0.019582648
0.019445317
0.019372026
0.019183442
0.018881
0.01873772
0.018698202
0.018341016
0.018321604
0.018291468
0.01816621
0.01809616
0.018016646
0.017981581
0.017862331
0.017831033
0.017783929
0.017755646
0.017738894
0.017673036
0.017666366
0.017642718
0.017617878
0.017524509
0.01751213
0.01750704
0.017500335
0.017468646
0.017414166
