0.03173189
0.028051205
0.027841633
0.025472855
0.024960157
0.024834692
0.023098195
0.022072662
0.021965023
0.021876957
0.021240683
0.021069996
0.020941176
0.019978639
0.019806344
0.01977074
0.019619958
0.019580534
0.019461453
0.019441243
0.019412102
0.019410718
0.019242814
0.019120494
0.019102795
0.019089278
0.01894421
0.018722137
0.018660644
0.018621005
0.018606797
0.018541692
0.01822791
0.018137498
0.018082334
0.018040469
0.017993059
0.017984886
0.01793977
0.017868403
0.017845303
0.017747853
0.017682098
0.017646855
0.017579306
0.017436303
0.01739794
0.017383555
0.01736392
0.017351871
