0.028364914
0.024797106
0.024237111
0.024070367
0.023967182
0.023158181
0.022949876
0.022148898
0.021757215
0.02147996
0.021451188
0.021417085
0.02121689
0.02118602
0.020813825
0.02071037
0.020155458
0.020093007
0.020019485
0.019649748
0.019466856
0.019417016
0.019355683
0.019317884
0.019192856
0.019129781
0.019086491
0.019069511
0.018971177
0.01891914
0.0188554
0.018774938
0.018665083
0.018601099
0.018547902
0.018502543
0.018487634
0.018389912
0.018243518
0.0182258
0.018204544
0.01816034
0.017948603
0.017879415
0.017872259
0.01785867
0.01784
0.017819127
0.017806439
0.017746419
