0.023993744
0.023345342
0.022925965
0.022391818
0.022325158
0.022176566
0.022037925
0.021992432
0.021842014
0.021675462
0.02139102
0.021153681
0.020941166
0.020686297
0.020552505
0.020512296
0.020381281
0.02024907
0.020169202
0.020058814
0.019798275
0.019631188
0.019535597
0.019389922
0.019313252
0.01930539
0.01926624
0.01925593
0.019229217
0.01918958
0.01913982
0.01910301
0.01910062
0.019002061
0.018999314
0.018956998
0.018896632
0.018853448
0.018828249
0.018776035
0.01875351
0.018689767
0.018667698
0.018638425
0.018599637
0.018506154
0.01847072
0.018450549
0.018428374
0.018422661
