0.042612728
0.035853904
0.035528585
0.03002859
0.029870013
0.027500732
0.026672753
0.025509262
0.025211673
0.024588201
0.022373706
0.021545408
0.021151247
0.019910945
0.019904861
0.019674974
0.019314777
0.019279424
0.019162364
0.018970542
0.018800259
0.018256444
0.018080518
0.017777296
0.017755006
0.017728494
0.017154614
0.016979655
0.016959032
0.01692803
0.016913466
0.016862292
0.016751457
0.016679322
0.01666409
0.016387181
0.016278153
0.016102368
0.016010271
0.016004605
0.01580178
0.015762769
0.015740708
0.01573502
0.015425567
0.01540842
0.015324815
0.015103218
0.014997484
0.014963033
