0.03813303
0.029509738
0.027454467
0.026930125
0.026569718
0.02503715
0.025004502
0.024746226
0.02417599
0.021659806
0.021341695
0.020899046
0.020445831
0.020437399
0.02008388
0.019930068
0.019846976
0.019499725
0.019444529
0.019285843
0.01923506
0.019077476
0.018991463
0.018864198
0.01870677
0.018700618
0.018673092
0.01846692
0.018431166
0.018285375
0.018195977
0.017626543
0.017610986
0.017559754
0.017543178
0.017521625
0.017444838
0.017441114
0.017381925
0.017366093
0.017217679
0.017057497
0.017050162
0.016924694
0.016725741
0.016621217
0.016451783
0.016242199
0.01612028
0.016028825
