0.033005457
0.026997892
0.025366087
0.024061438
0.023940098
0.023445057
0.022260563
0.02225734
0.021942534
0.021740267
0.021720175
0.02164147
0.021360502
0.021237042
0.020725407
0.02053537
0.020421665
0.020146053
0.020086428
0.01967784
0.019618448
0.019592877
0.019234674
0.019135535
0.019090619
0.019045604
0.018877028
0.018818097
0.01869576
0.018577369
0.018329084
0.01831909
0.018077197
0.018025223
0.018024134
0.01798795
0.017959516
0.017900052
0.017892266
0.017861897
0.017798852
0.017771974
0.017695839
0.017676134
0.017664524
0.01760432
0.017593322
0.017538669
0.017537137
0.017488146
