0.023344804
0.02331137
0.022203315
0.02201493
0.02162617
0.021276347
0.021050878
0.020938698
0.02091858
0.020863578
0.020857068
0.02079193
0.020766685
0.020730175
0.020598076
0.020512499
0.020494811
0.020460928
0.020236714
0.020141888
0.020121226
0.020058872
0.020051543
0.019878937
0.019865723
0.019823214
0.01971505
0.019680243
0.01956242
0.019520624
0.019489123
0.01938669
0.019373966
0.019231157
0.019190298
0.019144999
0.019111825
0.01901295
0.018992336
0.018959781
0.018958608
0.018870257
0.018804403
0.018797083
0.018702302
0.018678369
0.018639676
0.018536428
0.018355342
0.018347094
