0.0
0.1111111111111111
0.1111111111111111
0.2222222222222222
0.1111111111111111
0.2222222222222222
0.1111111111111111
0.2222222222222222
0.3333333333333333
0.2222222222222222
1.0
0.1111111111111111
0.1111111111111111
0.2222222222222222
1.1111111111111112
1.0
2.0
0.2222222222222222
0.2222222222222222
0.1111111111111111
0.1111111111111111
0.3333333333333333
0.3333333333333333
0.2222222222222222
0.2222222222222222
2.4444444444444446
2.0
2.111111111111111
0.2222222222222222
2.5555555555555554
0.2222222222222222
0.2222222222222222
2.2222222222222223
0.1111111111111111
0.2222222222222222
2.0
0.2222222222222222
1.1111111111111112
1.0
0.1111111111111111
1.5555555555555556
2.3333333333333335
2.2222222222222223
2.3333333333333335
0.3333333333333333
2.111111111111111
0.3333333333333333
0.2222222222222222
1.0
2.0
