0.030919803
0.027815606
0.024332767
0.022977706
0.022521632
0.022324037
0.021998283
0.021608463
0.021407891
0.021151181
0.021084312
0.021080071
0.021062415
0.020874256
0.020554375
0.020056427
0.02005616
0.019991694
0.019934352
0.01989577
0.019654762
0.019615164
0.019544577
0.019465389
0.019309854
0.019279102
0.019182874
0.01912105
0.019084446
0.019017495
0.018910322
0.018843845
0.018785719
0.018651634
0.018563911
0.018427674
0.018367706
0.018304562
0.018215539
0.018159973
0.01811164
0.018041477
0.018028487
0.018009352
0.018008957
0.017996943
0.017955106
0.017946003
0.01794503
0.017804252
