0.025400842
0.024836164
0.023994677
0.023393204
0.023076503
0.022476738
0.021415485
0.021303525
0.02124255
0.021028113
0.021018475
0.02099004
0.020853443
0.020705659
0.020681845
0.020463733
0.02041791
0.020237457
0.020161284
0.019992113
0.019969573
0.019803848
0.019532686
0.019505864
0.019442657
0.019390352
0.019190311
0.019159557
0.019152448
0.019121362
0.019076623
0.019021034
0.018869799
0.018855313
0.018757489
0.01872734
0.018668365
0.01866813
0.018641112
0.018625574
0.01857362
0.018528339
0.018526407
0.018511781
0.018410422
0.018403172
0.01837562
0.01833326
0.01827054
0.018197605
