2.0
1.5555555555555556
0.7777777777777778
1.8888888888888888
1.0
2.3333333333333335
1.3333333333333333
1.3333333333333333
0.7777777777777778
1.4444444444444444
0.8888888888888888
1.3333333333333333
0.7777777777777778
1.2222222222222223
1.0
0.7777777777777778
1.3333333333333333
1.4444444444444444
2.2222222222222223
1.1111111111111112
0.6666666666666666
2.2222222222222223
0.7777777777777778
2.111111111111111
1.7777777777777777
2.2222222222222223
0.7777777777777778
1.8888888888888888
0.8888888888888888
0.7777777777777778
1.3333333333333333
1.7777777777777777
1.2222222222222223
2.2222222222222223
1.6666666666666667
2.2222222222222223
0.7777777777777778
2.2222222222222223
1.2222222222222223
1.2222222222222223
1.8888888888888888
1.8888888888888888
1.7777777777777777
1.2222222222222223
1.7777777777777777
1.8888888888888888
2.2222222222222223
1.3333333333333333
2.0
1.8888888888888888
