0.040237363
0.037728723
0.028684786
0.027666777
0.02742732
0.024878759
0.024293572
0.023658022
0.022083728
0.020716606
0.019960428
0.019794712
0.019645894
0.019635787
0.019486632
0.01941992
0.01936037
0.019256935
0.019159028
0.019060494
0.019014213
0.018970128
0.018823376
0.018800903
0.018626928
0.018576704
0.018543333
0.01840679
0.018231263
0.01820659
0.018149188
0.018126607
0.01806465
0.017993048
0.017960481
0.01787528
0.017214628
0.017208459
0.01695996
0.016941989
0.016782142
0.01674965
0.016723767
0.016650075
0.016460417
0.01645126
0.016393155
0.016336048
0.016306732
0.016296364
