0.02259912
0.02244159
0.02222555
0.022059519
0.02168291
0.021444948
0.021287309
0.021266919
0.021210399
0.0211522
0.021076068
0.02087317
0.02039932
0.020310177
0.02027139
0.0202254
0.020179754
0.020146621
0.020034015
0.019960267
0.019916894
0.019889988
0.01981235
0.019768877
0.019766374
0.019704882
0.019637873
0.019603731
0.019559555
0.019558959
0.019401398
0.019376095
0.019365367
0.019333586
0.019263493
0.01924872
0.019232716
0.019216463
0.019187449
0.019116072
0.019113667
0.01909747
0.019024843
0.018980024
0.018978009
0.018874332
0.018846778
0.018837798
0.018723536
0.01871607
