0.027790835
0.026187588
0.024900928
0.021772962
0.021350207
0.020726405
0.02065794
0.02061009
0.020428525
0.020415688
0.02036854
0.020338228
0.02028923
0.020061094
0.02003309
0.020031368
0.020008104
0.019986438
0.01983808
0.01981544
0.019813651
0.019699916
0.019670552
0.019568961
0.019507008
0.01949698
0.019430984
0.019363211
0.01924423
0.019236056
0.019205261
0.019184342
0.019171145
0.019132959
0.01908258
0.019067377
0.019043792
0.01902322
0.019001946
0.018993894
0.018975718
0.018905597
0.018869326
0.018840838
0.018835234
0.018823493
0.018813858
0.018807346
0.018799454
0.018780245
