0.038687073
0.028971339
0.024315134
0.02421779
0.023885187
0.023309255
0.023182858
0.022488955
0.022455582
0.022055723
0.022028444
0.02200603
0.021238163
0.021179114
0.021118458
0.020994509
0.020956472
0.019851556
0.019559657
0.01948494
0.019331511
0.019260406
0.019109065
0.01907389
0.018811485
0.018724592
0.018362395
0.018345095
0.018221525
0.018217258
0.018199045
0.018068874
0.01796023
0.017832443
0.01782853
0.017756132
0.01768412
0.017675357
0.017659415
0.017483978
0.017388416
0.017356055
0.017322972
0.017298298
0.01729257
0.017245287
0.017158814
0.017125417
0.01711272
0.017107856
