0.039857917
0.02957341
0.027975217
0.02773803
0.02772849
0.025696618
0.024702128
0.02361604
0.022672476
0.02045398
0.02021974
0.02018362
0.019941121
0.019854316
0.019738393
0.01965665
0.019621037
0.019589178
0.019567756
0.019475365
0.01943979
0.019313015
0.01927553
0.01924462
0.018999644
0.018811058
0.018787207
0.01872513
0.01815851
0.018015977
0.01792921
0.017786292
0.017691253
0.017593358
0.01758664
0.017576206
0.017552588
0.01726352
0.017200481
0.017198935
0.017163495
0.01716152
0.017154614
0.016967125
0.016864406
0.01685178
0.016718753
0.016631864
0.01641483
0.016061118
