0.026124967
0.023199448
0.022997858
0.022483116
0.022272084
0.021534616
0.021358587
0.021147324
0.020982742
0.020926664
0.020924801
0.020914296
0.020738978
0.0207106
0.020416792
0.020312604
0.020261507
0.020218719
0.020211076
0.02019183
0.020095257
0.020091338
0.020085465
0.0198248
0.01975719
0.019693444
0.01968682
0.019652557
0.01953054
0.019477183
0.019449105
0.019407079
0.019264221
0.019221276
0.019158963
0.019101785
0.01905805
0.018894043
0.01874467
0.01865335
0.018647023
0.018508494
0.018382633
0.018378507
0.018337058
0.018281097
0.018241422
0.018221956
0.018159868
0.018066254
