0.027215786
0.026485192
0.025435133
0.02426758
0.023885297
0.023061005
0.022603637
0.022207329
0.021652322
0.021538723
0.02126062
0.02122268
0.020790728
0.02054002
0.020455478
0.020378359
0.020314507
0.020298751
0.020202924
0.020162962
0.019821262
0.0196263
0.019572664
0.019366372
0.019136086
0.019110229
0.019086324
0.018988011
0.018974332
0.018889755
0.018816313
0.018686512
0.018685944
0.018559385
0.018556306
0.018502034
0.018490307
0.018315604
0.018292736
0.01814371
0.018139964
0.018127944
0.017952317
0.017883629
0.017881544
0.017850542
0.017713316
0.017619934
0.0176185
0.017613119
