0.029312674
0.02572781
0.02458274
0.023849562
0.023701312
0.023663126
0.02360437
0.02266446
0.021942385
0.02126045
0.021155775
0.020948708
0.020714372
0.020626504
0.020474976
0.020426352
0.02031765
0.020234263
0.020136412
0.020049164
0.019746717
0.019695278
0.019662535
0.01963612
0.019625334
0.019527366
0.019409362
0.019157326
0.019081365
0.01907925
0.019011762
0.018873114
0.018707141
0.018639302
0.018445972
0.018211696
0.01805599
0.018026171
0.018002361
0.017859194
0.017849578
0.01784071
0.017785136
0.017776852
0.017622318
0.01760234
0.017452352
0.017443137
0.017392803
0.017388359
