0.029509077
0.02726349
0.02554862
0.024409596
0.02318685
0.02214842
0.021823864
0.021468569
0.021091782
0.020965284
0.020870168
0.020839652
0.020734621
0.020698512
0.020517351
0.020431485
0.020428823
0.020089995
0.02001943
0.019910317
0.01971633
0.019704156
0.019645132
0.019553963
0.019493397
0.019463392
0.019448042
0.019358406
0.019196106
0.018977301
0.018930417
0.018888395
0.018747041
0.018636901
0.018587045
0.01858376
0.018550921
0.018528493
0.018488029
0.01841315
0.018382374
0.018099893
0.017848682
0.017738828
0.017624844
0.017618245
0.017548589
0.017525615
0.017450254
0.01729642
