0.032039855
0.03153032
0.026451152
0.025297642
0.024579614
0.023788378
0.023482956
0.023121247
0.023111777
0.022653202
0.021244893
0.02099343
0.02075664
0.020738063
0.020655258
0.020483108
0.020456532
0.019808441
0.019608025
0.019479914
0.019127047
0.018812092
0.018682761
0.018572502
0.018526806
0.01852543
0.018464487
0.018429946
0.018428884
0.018408349
0.018379651
0.018358411
0.018250862
0.01822399
0.018185318
0.018133756
0.017984359
0.017823039
0.017715963
0.017712196
0.017700916
0.017625712
0.017500753
0.017367138
0.017259933
0.017233383
0.017116826
0.017102117
0.017071284
0.016995694
