0.034153584
0.033838023
0.032077614
0.03175839
0.029840127
0.027265495
0.02387258
0.02356463
0.023369234
0.021506477
0.021054704
0.020842487
0.0199819
0.019871326
0.019787705
0.019548394
0.01950858
0.019224163
0.019203601
0.019114614
0.018880222
0.018591417
0.018571334
0.018564172
0.018471368
0.018361913
0.018318849
0.017939238
0.01791293
0.017794065
0.017715223
0.017612882
0.017490188
0.017393107
0.017387357
0.017138282
0.01706351
0.017035803
0.016983297
0.016898105
0.016657392
0.016584957
0.016530372
0.016524259
0.01651168
0.016506433
0.016309224
0.01630802
0.016280882
0.016279912
