0.022267822
0.021454716
0.02140798
0.020952096
0.020883078
0.02059816
0.020589564
0.020528698
0.02050901
0.02040843
0.020400472
0.02039954
0.0203393
0.020255892
0.020246644
0.020222044
0.020199293
0.0201905
0.020177605
0.020142272
0.019978844
0.019973977
0.019937666
0.019926623
0.019910714
0.019843651
0.019836493
0.019821346
0.019763099
0.019730356
0.019721096
0.01970865
0.019623773
0.019615686
0.019615432
0.019593723
0.019559676
0.01953987
0.01953473
0.019460376
0.019406844
0.019379633
0.019353125
0.019332476
0.019324603
0.019285033
0.019277547
0.019273859
0.019264422
0.019233553
