0.030760216
0.026392201
0.024087287
0.022896903
0.022882486
0.022398256
0.022023356
0.021460667
0.021269044
0.021021191
0.021001771
0.020775098
0.020774812
0.020530596
0.020362394
0.020356111
0.020240238
0.020054244
0.019924076
0.01987172
0.019748915
0.019703683
0.019684337
0.019680481
0.019402236
0.019317873
0.019284137
0.019109756
0.019029899
0.018998219
0.018886058
0.01886466
0.018858938
0.018741896
0.018738216
0.018694073
0.018693822
0.018539982
0.01844045
0.018281488
0.018276792
0.018120412
0.018118674
0.018094333
0.018052325
0.017974095
0.017972102
0.017878732
0.017872658
0.017858142
