0.027443849
0.025206625
0.023834247
0.02300709
0.022918746
0.022674575
0.022661116
0.02225888
0.022094995
0.021395648
0.02113058
0.02083546
0.02082565
0.020619519
0.020473225
0.020210022
0.020176906
0.020098502
0.020090751
0.020052567
0.01997151
0.01991292
0.019617075
0.01952177
0.019415276
0.019412711
0.019330207
0.019244848
0.019186536
0.019079885
0.01894268
0.018871391
0.01876554
0.018762337
0.018730128
0.01872413
0.018662885
0.01864769
0.018582594
0.018569944
0.018283095
0.018218126
0.01807273
0.018008478
0.017995182
0.017964141
0.017941387
0.017873744
0.017841816
0.017840264
