0.027570551
0.025279725
0.023276549
0.02300813
0.022600805
0.021906342
0.021726472
0.02166322
0.0213095
0.021299062
0.021064486
0.021031627
0.02086208
0.020628422
0.020298008
0.020100048
0.019839332
0.01968538
0.019603021
0.019533811
0.019533424
0.019504994
0.019455986
0.01943057
0.019403655
0.019387497
0.019364178
0.01932662
0.019306896
0.019159786
0.019155275
0.019136189
0.019056812
0.019044792
0.01901604
0.018868564
0.018825205
0.018745687
0.018678086
0.018674219
0.018645843
0.018606689
0.018556794
0.01847866
0.018463533
0.01845773
0.018441726
0.018374996
0.018314762
0.018298224
