0.026832994
0.025559766
0.024289439
0.022416903
0.022295477
0.021630658
0.021571431
0.021533458
0.021479832
0.021198556
0.021048041
0.020973532
0.020827727
0.020706216
0.020519327
0.02050452
0.020467477
0.020379411
0.020269161
0.020151893
0.020140328
0.02003835
0.019841233
0.019786729
0.019760426
0.019716062
0.019613909
0.019578267
0.019404823
0.019263206
0.018939545
0.018877126
0.018709524
0.018681392
0.018645955
0.018640142
0.018635966
0.018535646
0.018515762
0.018497724
0.018470807
0.01843881
0.018307203
0.018174486
0.018168343
0.018098345
0.018078465
0.017973773
0.017913528
0.017898278
