0.03821636
0.027687602
0.026442865
0.024770506
0.024759857
0.024377422
0.024119548
0.022541095
0.022506697
0.02207427
0.022034805
0.021028943
0.020968936
0.020460969
0.02033068
0.020023668
0.019981774
0.019680046
0.019572413
0.019305713
0.019228823
0.019113695
0.018959604
0.018857012
0.018436661
0.018409377
0.018398022
0.01826113
0.018251944
0.01823623
0.01821968
0.018101236
0.018051848
0.017920503
0.01791099
0.017905938
0.017811846
0.017787416
0.017710768
0.017677575
0.017637268
0.01761593
0.017566713
0.017462019
0.017405272
0.017307209
0.017231332
0.017228566
0.017218713
0.017192531
