0.16666666666666666
0.16666666666666666
0.16666666666666666
0.0
0.3333333333333333
0.16666666666666666
4.666666666666667
4.666666666666667
3.6666666666666665
0.3333333333333333
0.16666666666666666
4.5
1.1666666666666667
0.16666666666666666
0.3333333333333333
4.333333333333333
0.16666666666666666
0.16666666666666666
0.3333333333333333
4.166666666666667
4.166666666666667
4.0
0.3333333333333333
0.5
3.1666666666666665
4.5
3.8333333333333335
3.5
3.5
3.6666666666666665
3.6666666666666665
4.333333333333333
3.6666666666666665
3.6666666666666665
4.0
3.6666666666666665
4.666666666666667
4.666666666666667
4.666666666666667
4.666666666666667
4.666666666666667
4.666666666666667
4.666666666666667
3.1666666666666665
4.666666666666667
4.666666666666667
4.666666666666667
4.666666666666667
4.666666666666667
4.666666666666667
