0.023849282
0.021843597
0.021819828
0.021699784
0.02162234
0.021600267
0.021481728
0.021476688
0.021253016
0.020599058
0.020579576
0.020553557
0.02053374
0.0204933
0.020229824
0.020101093
0.020085907
0.020049388
0.02004666
0.02001787
0.020003114
0.0199312
0.019928424
0.019907884
0.019906534
0.01972626
0.019570196
0.019555533
0.01945047
0.019429456
0.019423148
0.019393908
0.019385567
0.019359024
0.019225875
0.019192735
0.019164436
0.019145448
0.019142175
0.01911777
0.01910571
0.019094313
0.019065037
0.019060586
0.01901464
0.019010944
0.018970976
0.018969117
0.018923257
0.018889729
