0.0322164
0.03016867
0.028503792
0.027626928
0.026512373
0.026135705
0.02600074
0.023220971
0.022886893
0.02198511
0.021926006
0.021661483
0.021655263
0.021651799
0.020460859
0.019779647
0.019187257
0.019023495
0.018970495
0.01894605
0.018776303
0.01875864
0.018685158
0.018624289
0.018516153
0.018470569
0.018317325
0.018259848
0.018220237
0.018128522
0.018113397
0.01802811
0.018015394
0.017791316
0.017788164
0.017694814
0.017556792
0.017457454
0.017323803
0.017276794
0.017239934
0.017136082
0.017065631
0.016987298
0.01695718
0.01692363
0.016907725
0.016837433
0.016832775
0.01678929
