0.0
0.14285714285714285
0.14285714285714285
0.14285714285714285
0.2857142857142857
0.14285714285714285
0.2857142857142857
0.14285714285714285
3.4285714285714284
0.2857142857142857
1.0
0.2857142857142857
3.2857142857142856
0.2857142857142857
3.142857142857143
0.14285714285714285
0.14285714285714285
3.0
3.0
0.2857142857142857
2.857142857142857
0.2857142857142857
1.1428571428571428
1.1428571428571428
2.7142857142857144
2.0
0.2857142857142857
0.14285714285714285
0.14285714285714285
2.5714285714285716
3.0
1.7142857142857142
0.2857142857142857
0.2857142857142857
0.2857142857142857
2.142857142857143
3.0
0.2857142857142857
1.1428571428571428
2.4285714285714284
0.14285714285714285
1.7142857142857142
3.4285714285714284
2.142857142857143
3.4285714285714284
3.4285714285714284
3.4285714285714284
1.1428571428571428
3.4285714285714284
2.2857142857142856
