0.025904149
0.024254609
0.023097482
0.022959206
0.022916026
0.022007223
0.021657716
0.021267597
0.020559171
0.020472454
0.020442149
0.020418346
0.0203353
0.020303268
0.020204633
0.020117465
0.020097736
0.020072667
0.020056644
0.020041086
0.020021437
0.019734683
0.019675078
0.019649146
0.01958683
0.019572392
0.019526597
0.019525824
0.019481493
0.019444982
0.019350171
0.01927831
0.019143788
0.019091126
0.019086985
0.01906212
0.019060899
0.018954687
0.018954115
0.018846452
0.018701814
0.018650584
0.018644705
0.01863552
0.018603474
0.0185186
0.018518057
0.01851166
0.018496979
0.01848655
