0.04017063
0.031699747
0.027809553
0.027539806
0.024657598
0.023168474
0.022956148
0.02255176
0.021650907
0.021554446
0.021378623
0.021223387
0.021197455
0.021189583
0.021123948
0.021083577
0.02086454
0.02069158
0.020381343
0.019846162
0.019224163
0.018828021
0.018449455
0.018438077
0.018368991
0.018363725
0.018221188
0.017995527
0.017973445
0.017809184
0.017749256
0.017707458
0.017691208
0.017670805
0.01759904
0.017515594
0.017442198
0.017433975
0.017133715
0.017114071
0.017075181
0.017053217
0.017021952
0.016954063
0.016875306
0.016863508
0.016810142
0.016652798
0.016644288
0.016581241
