0.026578903
0.025442917
0.023899497
0.022920435
0.022749728
0.022748422
0.022515703
0.022282906
0.022057684
0.021818487
0.020903304
0.02069656
0.020651536
0.02061734
0.020322846
0.020055981
0.020032858
0.019850949
0.019625667
0.019518638
0.019508587
0.01949381
0.019336095
0.019294465
0.019214272
0.019211486
0.019156137
0.019094244
0.019076042
0.019036476
0.01901872
0.01896415
0.018938985
0.018936325
0.018800875
0.018796805
0.0187661
0.01873686
0.018731888
0.018683039
0.018657617
0.018643213
0.018549835
0.018534482
0.018440409
0.018374644
0.018262492
0.018162997
0.01814861
0.01814003
