0.02881299
0.025182864
0.02465154
0.023814522
0.02357487
0.02327145
0.022244297
0.02223097
0.022064548
0.021506092
0.021312531
0.020916661
0.020468455
0.020461347
0.020116417
0.020086816
0.019964637
0.019930162
0.019844538
0.019701071
0.019625764
0.019519705
0.019510115
0.019351522
0.019341996
0.019339968
0.019137459
0.018957578
0.018935932
0.0188796
0.018846637
0.018829346
0.018794646
0.018644698
0.018482964
0.018481033
0.018451808
0.018443098
0.018422255
0.018355964
0.018309832
0.01829656
0.018277496
0.018189512
0.018175026
0.0181257
0.018103825
0.018039469
0.0180037
0.01796998
