0.03319134
0.02444613
0.024368197
0.024120709
0.023090288
0.023075966
0.022372166
0.021129005
0.020508623
0.020383848
0.020303706
0.020228175
0.020079415
0.02004767
0.019958053
0.019939387
0.019853143
0.019726114
0.019707367
0.01969596
0.019602025
0.019380707
0.019180158
0.019137481
0.019079866
0.0190788
0.019056745
0.019042132
0.019036021
0.018996244
0.018916734
0.018774692
0.018750865
0.018723695
0.018655932
0.018598635
0.018572252
0.018565722
0.01856433
0.01855909
0.018558927
0.018558294
0.018557053
0.018550774
0.018549884
0.01854955
0.018548682
0.0185474
0.018544964
0.018537095
