0.036892932
0.030384617
0.028163815
0.026629636
0.02494948
0.024870584
0.023972057
0.02288704
0.022639679
0.020981679
0.020818071
0.020613182
0.020414682
0.02039334
0.020375794
0.019931972
0.019665163
0.01962285
0.019600833
0.019595796
0.019572182
0.01942751
0.019167025
0.019013112
0.018648919
0.018466802
0.018301725
0.018129347
0.01808628
0.018048136
0.018033506
0.017967744
0.0179544
0.01789374
0.01787359
0.017871596
0.017783651
0.01759356
0.017580718
0.017573701
0.017429784
0.01741242
0.0173552
0.017327208
0.017312247
0.017183311
0.016967388
0.016924856
0.016894678
0.016802493
