0.04991352
0.03972544
0.038879056
0.03712364
0.027583648
0.025973082
0.025074702
0.023595544
0.022489797
0.021960765
0.021909036
0.021207094
0.020389916
0.019781448
0.01971673
0.019553253
0.019410301
0.0194065
0.019218063
0.018831825
0.018745346
0.018736022
0.018128973
0.018107222
0.01763858
0.017599093
0.017505392
0.017319392
0.016967388
0.016784376
0.016710479
0.016612051
0.016574826
0.016149493
0.015875911
0.015747316
0.015662478
0.015535225
0.015452194
0.015418255
0.015417653
0.015348687
0.015185588
0.015125944
0.01506621
0.015017858
0.0149827115
0.014976347
0.014966023
0.014899661
