0.029319935
0.025482565
0.024437329
0.023501169
0.02327465
0.02288312
0.022670552
0.022444097
0.021406205
0.021038974
0.020942109
0.020892892
0.020608583
0.020540154
0.020391367
0.020356331
0.020325763
0.020205986
0.020136885
0.019986408
0.019627286
0.019602586
0.019567525
0.019566707
0.019359265
0.019338883
0.019164257
0.019098887
0.019088212
0.01898872
0.018985353
0.018980067
0.01897721
0.01894726
0.018830601
0.018614251
0.018529505
0.018331597
0.01830163
0.018221375
0.018038161
0.018013798
0.018007284
0.01799861
0.017959021
0.017886847
0.017821629
0.017781027
0.01777087
0.01775649
