0.032064635
0.029857937
0.025123792
0.024204029
0.023997532
0.023191076
0.022006862
0.021500643
0.021350116
0.02110711
0.020980231
0.02085282
0.020543536
0.020470377
0.020460254
0.02025052
0.020074373
0.020001847
0.019643469
0.019624582
0.019614015
0.01952552
0.019514034
0.019502386
0.019487299
0.01938467
0.019137867
0.019021694
0.018752042
0.018735416
0.018519888
0.018501738
0.018376678
0.018297495
0.018282078
0.018171756
0.018149765
0.018017765
0.018005949
0.017969588
0.017964127
0.017943913
0.017848833
0.017810756
0.017805176
0.01777691
0.017713677
0.017707702
0.017674897
0.017480634
