0.037186183
0.029163731
0.027463473
0.023304887
0.023176454
0.022838071
0.021792855
0.02178114
0.021463387
0.02084063
0.02081627
0.020740481
0.020191716
0.020150574
0.020084945
0.019980678
0.019891787
0.019677304
0.0193531
0.019329492
0.019301865
0.019163325
0.01914782
0.019086134
0.019058175
0.019009039
0.018972917
0.01887856
0.018825192
0.018714549
0.018411135
0.018386077
0.018300923
0.018199222
0.018160896
0.018095687
0.018069565
0.018056314
0.017998267
0.017997453
0.017993579
0.017961318
0.017934697
0.017916374
0.017903874
0.017896833
0.017880322
0.017833056
0.017816072
0.017803598
