0.02533107
0.024727274
0.024555055
0.024414979
0.023752822
0.023705361
0.023492564
0.022974685
0.022194479
0.02194517
0.02186827
0.021509517
0.021387294
0.021230856
0.02102684
0.020875493
0.020481111
0.020351162
0.020250583
0.020119721
0.019917369
0.019667199
0.01941699
0.019118613
0.018946867
0.018850388
0.018806111
0.018774215
0.018753333
0.01855429
0.018530447
0.018472211
0.018363927
0.018245108
0.01821094
0.018210571
0.018206073
0.018175635
0.018170321
0.018131435
0.018130852
0.018096864
0.018056842
0.018048964
0.018048618
0.018011393
0.017991373
0.017984537
0.017959736
0.017954512
