0.034364656
0.030007288
0.027001819
0.025659775
0.025133446
0.022962498
0.022039918
0.021651167
0.021410888
0.021271486
0.020373458
0.020160712
0.020058606
0.01982507
0.019744202
0.019715097
0.019675512
0.019666636
0.01961421
0.019599559
0.019548284
0.019435395
0.019420573
0.019366816
0.019113632
0.019101556
0.018997109
0.018893816
0.018805062
0.018573586
0.0185657
0.018557604
0.018415255
0.01839226
0.0183233
0.018150587
0.018144036
0.018101683
0.01806536
0.017985102
0.017921465
0.017909212
0.01777679
0.017650593
0.017546786
0.017543178
0.017522974
0.017415494
0.017411845
0.017408941
