0.038418036
0.02759564
0.024293812
0.024082711
0.023858398
0.023688858
0.022711067
0.02232145
0.021913301
0.021803344
0.02163389
0.021516848
0.020849053
0.02082733
0.020238737
0.020206146
0.02006675
0.019771224
0.019330159
0.019324858
0.019291876
0.019279206
0.019195002
0.019170277
0.019002493
0.018990954
0.018895052
0.01876948
0.018690962
0.018603496
0.0185799
0.018555168
0.018461883
0.018432075
0.018076167
0.018009234
0.017853325
0.01781289
0.017808069
0.017717008
0.017672341
0.017652085
0.01751263
0.017504327
0.017486429
0.017454254
0.017377203
0.017331228
0.017189117
0.017174229
