0.035732813
0.027443036
0.02504894
0.024477176
0.024297021
0.024090596
0.022734137
0.022335162
0.022143055
0.02148945
0.021432526
0.021258201
0.021197913
0.021018067
0.020741455
0.019974489
0.019818379
0.0194801
0.01938506
0.019334909
0.019283077
0.019126402
0.019082509
0.019073406
0.018761184
0.018703498
0.018635739
0.018563882
0.018380104
0.018296305
0.018270092
0.018258756
0.018139232
0.018112889
0.018107269
0.018043097
0.018039674
0.017985536
0.017955534
0.017947614
0.017888281
0.017859371
0.0178421
0.017818421
0.017788434
0.017773518
0.017717466
0.017711893
0.017706748
0.01769545
