0.036071252
0.028000768
0.026878215
0.026844552
0.026643377
0.02502932
0.022525597
0.021784032
0.021413174
0.020661984
0.020561518
0.020464845
0.020241957
0.019903602
0.019648122
0.019633159
0.019633112
0.019609017
0.019570764
0.019378508
0.01932108
0.019281248
0.019110901
0.019082217
0.01902596
0.01876036
0.018567996
0.018523103
0.018384425
0.018359357
0.018348953
0.018320307
0.018224908
0.018105868
0.018032998
0.017955702
0.017949319
0.01794246
0.017931886
0.017824585
0.01781553
0.017790912
0.017742485
0.017685767
0.017677631
0.01763809
0.017568354
0.017540526
0.017536012
0.017454276
