0.026733607
0.026126066
0.02346962
0.023439143
0.02336024
0.022753596
0.02269394
0.02241076
0.022118941
0.021834621
0.021680975
0.021298105
0.020868983
0.020796264
0.02073948
0.020495517
0.020013217
0.019820262
0.019691883
0.019653507
0.01959616
0.019523906
0.01950553
0.019395398
0.019381799
0.019082544
0.0190819
0.019042555
0.018973289
0.01889323
0.018811963
0.018799266
0.018692313
0.018642137
0.018582633
0.018541353
0.018529462
0.018463207
0.018452197
0.018427337
0.018360754
0.01826738
0.018240813
0.018211722
0.018188778
0.01815572
0.01805596
0.01805305
0.018044438
0.018004438
