0.039384253
0.037148744
0.032470092
0.029721854
0.027495295
0.027300838
0.023767276
0.023731323
0.022036685
0.02170995
0.021370253
0.021260077
0.020285243
0.020164188
0.02016116
0.019503368
0.018968316
0.018940164
0.018868197
0.018541485
0.018444138
0.018380644
0.018326987
0.01829763
0.018207317
0.018171255
0.017901054
0.017866984
0.017804468
0.017782262
0.017534044
0.017443513
0.01715603
0.017064044
0.017050734
0.017024463
0.01698994
0.016959336
0.016767478
0.016738344
0.01670661
0.016621787
0.016597955
0.016564885
0.016560776
0.01652013
0.016504357
0.01646817
0.016364317
0.016351666
