0.0
0.16666666666666666
0.16666666666666666
0.3333333333333333
0.16666666666666666
1.0
0.6666666666666666
0.3333333333333333
0.3333333333333333
0.16666666666666666
3.5
0.3333333333333333
0.16666666666666666
3.0
0.16666666666666666
0.16666666666666666
1.8333333333333333
0.16666666666666666
2.8333333333333335
2.0
1.8333333333333333
0.16666666666666666
0.3333333333333333
1.8333333333333333
1.8333333333333333
3.1666666666666665
3.3333333333333335
0.16666666666666666
0.16666666666666666
2.1666666666666665
1.8333333333333333
0.16666666666666666
1.8333333333333333
3.3333333333333335
2.0
0.16666666666666666
1.6666666666666667
2.1666666666666665
1.8333333333333333
2.3333333333333335
2.3333333333333335
1.8333333333333333
1.6666666666666667
1.6666666666666667
1.8333333333333333
1.8333333333333333
1.5
2.3333333333333335
1.8333333333333333
1.6666666666666667
