0.02665072
0.025390718
0.023793297
0.022977488
0.022736046
0.02142953
0.021208355
0.020965135
0.02089431
0.020783788
0.020639183
0.020565383
0.020413868
0.020255102
0.020240514
0.020221397
0.019953925
0.019941887
0.01993856
0.019909387
0.019877031
0.019855272
0.01966965
0.019600276
0.019527646
0.019504154
0.019477345
0.019432552
0.019304466
0.019303903
0.019268893
0.019151604
0.018994296
0.018992487
0.018983215
0.018919136
0.018912386
0.018908225
0.018900733
0.018872477
0.018696869
0.018659784
0.018657954
0.018624479
0.018617544
0.018589642
0.018547015
0.018452568
0.018417854
0.018371921
