0.026090363
0.025140017
0.023471935
0.023239948
0.022857958
0.022192158
0.022099767
0.021924399
0.021805098
0.021186976
0.020448424
0.020424303
0.020424176
0.020363742
0.020347757
0.02031767
0.020088097
0.020041412
0.01996512
0.01988814
0.019875072
0.019742684
0.019734034
0.019720592
0.019527007
0.019446762
0.019398483
0.019329285
0.019298121
0.019195452
0.019183762
0.01917857
0.019092137
0.019028096
0.018798957
0.01877022
0.018747877
0.018629523
0.018602319
0.018565722
0.018551482
0.018551368
0.018523244
0.018488025
0.018447168
0.01843046
0.018361777
0.018237816
0.018210737
0.018015707
