0.026949413
0.025429867
0.023353944
0.02241743
0.022163333
0.02214213
0.02211963
0.022063944
0.021861413
0.021848239
0.02153168
0.021195887
0.021009678
0.020686643
0.020655548
0.020654164
0.020351624
0.020311803
0.019993067
0.019988533
0.019955248
0.019943643
0.019872058
0.019686028
0.019632844
0.019583382
0.019488152
0.019473638
0.019283596
0.019259661
0.019212415
0.019040484
0.01886706
0.018842272
0.018746039
0.018697482
0.018433305
0.018416852
0.018398212
0.018280288
0.018245911
0.018213356
0.018090567
0.018081052
0.018062087
0.018008778
0.017976094
0.017940344
0.017783994
0.017757095
