0.02690682
0.023186777
0.02300184
0.02273845
0.02214865
0.022056907
0.021912305
0.021449754
0.021069232
0.021013334
0.020975104
0.020826288
0.02070872
0.02066183
0.020516692
0.020484552
0.020426912
0.020201718
0.02008187
0.019986784
0.019975789
0.019870657
0.019782089
0.019721298
0.019702004
0.019699546
0.019657208
0.019478336
0.019444438
0.019380149
0.019362904
0.019353824
0.019223193
0.01901174
0.01899489
0.018841723
0.018808851
0.018768681
0.018716257
0.01871447
0.018669812
0.01860125
0.018564159
0.018242104
0.018239705
0.018219363
0.01821018
0.018182218
0.01812256
0.018086065
