0.025348622
0.024198424
0.024181217
0.023031415
0.02216683
0.021958414
0.021882566
0.02164544
0.021618841
0.021610726
0.021555815
0.021418143
0.020905023
0.020801855
0.02047864
0.020455696
0.020364624
0.020273484
0.020213336
0.020027002
0.019974904
0.01987206
0.019818671
0.019695029
0.01960351
0.01945332
0.01936095
0.019168591
0.019078448
0.019070625
0.018984023
0.01885667
0.018824227
0.018817555
0.018708633
0.018681262
0.018679788
0.01863012
0.018573668
0.018547526
0.01851422
0.018476233
0.01845295
0.018434457
0.01843051
0.018344041
0.018277615
0.018217046
0.01821543
0.018101694
