0.03364756
0.027550703
0.026445309
0.023937609
0.022756182
0.021595681
0.02116571
0.020865995
0.020672685
0.020527596
0.020494586
0.020490205
0.02036849
0.020146064
0.020119354
0.019766558
0.019633941
0.01962075
0.01934577
0.019256068
0.019099182
0.019012725
0.0189831
0.018956944
0.01895424
0.01894333
0.018939031
0.018897647
0.018856503
0.018786436
0.018780157
0.018686153
0.018680416
0.018674182
0.018644776
0.018633563
0.018626291
0.01860366
0.018598605
0.018597048
0.018587265
0.018582685
0.018580824
0.018578531
0.018567903
0.018552002
0.018551804
0.01855093
0.01854745
0.0185398
