0.02632774
0.024830196
0.022365564
0.022131316
0.02193697
0.0219297
0.021688513
0.02159962
0.021405736
0.021384595
0.021373423
0.021231705
0.021110784
0.02085109
0.020783179
0.020679662
0.020634085
0.020373635
0.02031118
0.020268256
0.020211112
0.020012887
0.020002062
0.019982716
0.019626003
0.019464457
0.019224245
0.019203326
0.019144207
0.019085687
0.019053698
0.018871794
0.018870922
0.018839529
0.01872329
0.018722013
0.018716373
0.018698145
0.018589253
0.01852574
0.018509291
0.018441305
0.018425325
0.018395258
0.018334089
0.018306987
0.018277619
0.018183101
0.018171962
0.018170739
