0.036755152
0.029087987
0.0282526
0.026357725
0.026317758
0.02326302
0.02300908
0.022179835
0.021941543
0.021371089
0.021250708
0.020928197
0.02091403
0.020855144
0.020695137
0.019828876
0.019777644
0.019770257
0.019659128
0.01958412
0.019558104
0.01935965
0.019286837
0.019076433
0.01867638
0.018665245
0.018656181
0.018624116
0.018355198
0.01827156
0.017802687
0.01778314
0.01772904
0.017708937
0.017687228
0.01765971
0.017620396
0.017584601
0.017539607
0.017519778
0.017512122
0.017472366
0.017384067
0.01733785
0.017334094
0.017298223
0.017260473
0.017236026
0.017112613
0.017088331
