0.031200763
0.02846282
0.02781736
0.023249185
0.023017593
0.022458278
0.022362633
0.02116538
0.02092239
0.020802395
0.020654269
0.020608483
0.020410832
0.02032021
0.020088308
0.019962354
0.01986615
0.01979156
0.019640757
0.019423848
0.019255409
0.019250013
0.019095803
0.018861158
0.018729987
0.018713372
0.0187084
0.018702533
0.018693117
0.018674562
0.018671343
0.018650826
0.01864553
0.018614128
0.018604254
0.018588772
0.018583434
0.018577108
0.018562337
0.018520584
0.018489832
0.018432869
0.018339027
0.018302906
0.01830193
0.018257407
0.018254051
0.018236777
0.01823464
0.018222317
