0.028742136
0.026602037
0.025101842
0.023655051
0.02345478
0.02324304
0.022907918
0.021637812
0.021496061
0.02129106
0.020516513
0.020260707
0.020067075
0.019976497
0.019962579
0.019912863
0.019856887
0.019817505
0.0197275
0.019696262
0.019683562
0.019632231
0.01961208
0.019284498
0.019202644
0.019150458
0.019042833
0.019032303
0.018912127
0.01887721
0.01885686
0.018852333
0.018828057
0.018803563
0.018783316
0.01868962
0.0186729
0.01866311
0.018636117
0.018522507
0.018519739
0.018473243
0.01838159
0.018290985
0.018205892
0.018180288
0.01809256
0.018090865
0.018062906
0.018037375
