0.023952248
0.02300957
0.022544496
0.022169327
0.022154192
0.022110445
0.0217121
0.021663006
0.02145619
0.021275708
0.021236183
0.020857353
0.020548264
0.020237345
0.020156246
0.020149596
0.020132491
0.020018289
0.019945966
0.019866139
0.019851215
0.019762313
0.019720187
0.019707274
0.019678323
0.01964779
0.019575508
0.019554298
0.019540375
0.019535186
0.0195225
0.019428773
0.019364124
0.019278973
0.019082252
0.019006232
0.018969033
0.018952219
0.018930271
0.018928822
0.018869393
0.018801242
0.018777724
0.018734258
0.018688092
0.018680047
0.018575499
0.018569078
0.018555827
0.01851798
