0.034752663
0.029708656
0.025897563
0.023426145
0.022744829
0.021907879
0.021169445
0.020833254
0.020825159
0.020524587
0.020142721
0.019839173
0.019815918
0.019810714
0.019710006
0.01951428
0.019481055
0.01942239
0.01939489
0.018995455
0.018964365
0.018926727
0.018910125
0.018907564
0.018901488
0.018897146
0.018874263
0.018868318
0.018856524
0.01885554
0.018837662
0.018831477
0.018801643
0.018789966
0.018764872
0.018763637
0.018743442
0.018702542
0.018626902
0.0186006
0.018588506
0.018581014
0.018580431
0.01857618
0.018567098
0.018559474
0.018556688
0.01855279
0.018550286
0.018545857
