0.031213572
0.023901686
0.02341457
0.023009235
0.022751296
0.021980904
0.021978453
0.021873534
0.021837808
0.021186022
0.021153184
0.021051174
0.020993825
0.020818021
0.020379059
0.020225205
0.020102333
0.020015577
0.019988135
0.01977087
0.019766696
0.019620456
0.019599445
0.01954216
0.01953949
0.019202303
0.019140191
0.019109309
0.019105654
0.018803388
0.018785026
0.018777091
0.018737301
0.01872295
0.018650554
0.018627923
0.018599998
0.018564435
0.018477144
0.018433506
0.018431073
0.018418621
0.018417828
0.018324345
0.018288584
0.01828747
0.018247437
0.018122246
0.018019244
0.01799366
