0.022926472
0.022534082
0.022330986
0.021877658
0.021572027
0.021319054
0.021304432
0.020730957
0.020710168
0.020687968
0.0204986
0.02044936
0.020422313
0.020385442
0.020320384
0.020284828
0.020238517
0.02016998
0.020154277
0.02014968
0.020104788
0.020007234
0.019970994
0.019950138
0.019947508
0.019916093
0.019904599
0.01982693
0.019687837
0.019619303
0.019584343
0.01958089
0.019579405
0.019574462
0.019474765
0.01938429
0.019370956
0.019336253
0.019308574
0.019290393
0.01922518
0.019169018
0.019163877
0.018955292
0.01889951
0.01875033
0.01859031
0.018495454
0.018140547
0.018123562
