0.028289713
0.023586823
0.022725224
0.02267727
0.022568468
0.022280077
0.021799788
0.021328663
0.021159653
0.021117395
0.021096766
0.020989804
0.020916939
0.02062114
0.020491691
0.020463
0.02044181
0.02039567
0.020244958
0.020176
0.019929146
0.019870883
0.019787014
0.019765127
0.019583102
0.019347584
0.019251332
0.019235596
0.019224536
0.019153321
0.019021269
0.018994676
0.018918047
0.018915277
0.018870672
0.018858764
0.018731868
0.018665912
0.018663835
0.018635996
0.01857821
0.018566405
0.018301813
0.018284056
0.01828044
0.01826332
0.018254848
0.018246086
0.018226113
0.018203966
