0.031578116
0.025610738
0.024063513
0.023801692
0.022837998
0.02161838
0.021449327
0.021356529
0.021332974
0.021161629
0.02109276
0.020963412
0.020734083
0.020552332
0.020534048
0.02048364
0.020338392
0.02019454
0.020163734
0.019926649
0.019889435
0.019852655
0.019486781
0.019423515
0.019292584
0.019214539
0.019106025
0.019069918
0.019057082
0.01894353
0.01876064
0.018694669
0.018687656
0.01864521
0.018600373
0.018586658
0.018561853
0.01848699
0.01845245
0.018449988
0.01841131
0.01839672
0.018387508
0.01827952
0.018164024
0.017995393
0.017981222
0.017860083
0.017764563
0.017702632
