0.03414635
0.033089556
0.02588463
0.024922738
0.024831338
0.024465047
0.024240816
0.024149936
0.023595948
0.023122603
0.022124164
0.020717647
0.020677604
0.02062051
0.020562535
0.02055052
0.020291254
0.020071927
0.019714734
0.019622518
0.01961738
0.019499911
0.01938485
0.018998062
0.018880699
0.01866689
0.018658647
0.018492462
0.018405447
0.018327141
0.018292654
0.017926797
0.017827502
0.017592099
0.017424408
0.017414626
0.017395128
0.01732954
0.017237121
0.01717949
0.017090507
0.016860573
0.01683693
0.01683231
0.016817868
0.016760154
0.016756915
0.016712517
0.016708285
0.016670771
