0.03208922
0.030293444
0.02898047
0.024405692
0.023700329
0.02244038
0.02219792
0.022008486
0.02137446
0.021256177
0.02015133
0.019815927
0.019792447
0.019527916
0.019465938
0.019464934
0.019337622
0.01930752
0.019183874
0.019183394
0.019137053
0.019023526
0.018977946
0.018930443
0.018907772
0.01888714
0.018867444
0.018856823
0.018817473
0.018799525
0.018744536
0.018584697
0.018475559
0.018464433
0.018405164
0.018389903
0.01837878
0.018364577
0.0183604
0.018355
0.018337982
0.0183058
0.018284777
0.018259805
0.01825233
0.018205514
0.018203625
0.018192757
0.018139223
0.018112415
