0.0
0.16666666666666666
0.16666666666666666
0.16666666666666666
3.8333333333333335
0.16666666666666666
0.3333333333333333
4.166666666666667
3.6666666666666665
4.0
3.5
3.3333333333333335
4.0
0.16666666666666666
3.8333333333333335
3.1666666666666665
3.6666666666666665
3.0
3.5
2.8333333333333335
0.16666666666666666
3.8333333333333335
3.3333333333333335
2.6666666666666665
3.6666666666666665
3.8333333333333335
3.8333333333333335
3.1666666666666665
3.8333333333333335
1.0
3.8333333333333335
3.8333333333333335
2.5
3.8333333333333335
3.8333333333333335
3.8333333333333335
3.8333333333333335
0.16666666666666666
3.5
3.8333333333333335
3.8333333333333335
3.8333333333333335
3.8333333333333335
3.8333333333333335
3.8333333333333335
0.16666666666666666
3.0
3.8333333333333335
4.166666666666667
3.3333333333333335
