0.028125769
0.025388017
0.023760596
0.023711778
0.022542994
0.02224674
0.022223419
0.022138823
0.021043643
0.020856462
0.020741312
0.020485755
0.020224368
0.02015325
0.02013304
0.020019097
0.020017609
0.019955
0.019931817
0.019895812
0.019884758
0.019833812
0.019763429
0.019738568
0.019537903
0.019517489
0.0194893
0.019460846
0.01942824
0.019398145
0.019366378
0.018994443
0.018916478
0.018752575
0.018748397
0.018691167
0.018653555
0.01864362
0.018643582
0.01863902
0.018600192
0.018515829
0.018260729
0.01821764
0.018200878
0.018178321
0.018165577
0.018143658
0.018098462
0.017921736
