0.027305165
0.022715766
0.022643683
0.022292508
0.022178795
0.021965817
0.02191928
0.021309987
0.021301923
0.021069644
0.020935899
0.020710057
0.020534726
0.020425014
0.020417104
0.02029982
0.020210177
0.020124447
0.02008816
0.020074314
0.01995544
0.019926522
0.01989372
0.019857919
0.019821228
0.019653508
0.01960224
0.019543463
0.019526089
0.019451404
0.019385371
0.019320086
0.019301672
0.019057207
0.019040354
0.018974794
0.018971128
0.01895359
0.018926518
0.018919408
0.018897668
0.018835627
0.018761992
0.018499203
0.018450852
0.018372921
0.018275753
0.018142989
0.017620372
0.017538764
