0.0
0.14285714285714285
0.14285714285714285
0.2857142857142857
0.14285714285714285
0.14285714285714285
0.2857142857142857
0.14285714285714285
1.0
0.14285714285714285
3.2857142857142856
0.2857142857142857
0.14285714285714285
0.14285714285714285
0.14285714285714285
0.42857142857142855
0.14285714285714285
0.14285714285714285
0.14285714285714285
0.2857142857142857
1.7142857142857142
1.1428571428571428
3.142857142857143
1.1428571428571428
1.1428571428571428
0.14285714285714285
0.2857142857142857
3.2857142857142856
2.0
0.8571428571428571
0.0
1.7142857142857142
3.0
0.14285714285714285
0.14285714285714285
0.2857142857142857
1.4285714285714286
0.14285714285714285
1.8571428571428572
2.2857142857142856
2.142857142857143
2.857142857142857
0.7142857142857143
1.1428571428571428
0.2857142857142857
2.5714285714285716
1.7142857142857142
1.4285714285714286
1.0
0.2857142857142857
