0.023613041
0.023267293
0.023135599
0.022124523
0.021548958
0.021115096
0.021105742
0.02095232
0.020869002
0.020730682
0.020591281
0.020566788
0.02051008
0.020508999
0.020217609
0.020192636
0.020151803
0.020109858
0.020064821
0.020035597
0.019972766
0.019902665
0.019848837
0.01970887
0.019706596
0.019669747
0.019633848
0.0195619
0.019481651
0.019471146
0.019458348
0.019398425
0.019276582
0.019274142
0.019220034
0.019201525
0.01913666
0.019136468
0.019091582
0.019073252
0.019034393
0.019024251
0.019010587
0.01900087
0.018944498
0.018925745
0.018922767
0.018859424
0.018831054
0.01880959
