0.022947865
0.022749137
0.021325996
0.020550106
0.020495402
0.02037971
0.02034755
0.020240854
0.020226307
0.020207774
0.020169733
0.020162055
0.02013579
0.020061737
0.020043384
0.020042328
0.02003738
0.020031536
0.020026749
0.019998103
0.019981004
0.01997191
0.019927375
0.019915313
0.019863855
0.019844748
0.019813675
0.019779611
0.01976436
0.01974058
0.019696118
0.019695165
0.01969343
0.019679725
0.019670963
0.019663928
0.019621665
0.019596795
0.019589653
0.01956265
0.019554352
0.019542396
0.019540213
0.019534456
0.019473115
0.019454392
0.01942055
0.019414926
0.019408567
0.019404946
