0.16666666666666666
0.0
0.16666666666666666
0.3333333333333333
0.3333333333333333
0.16666666666666666
0.16666666666666666
0.3333333333333333
1.1666666666666667
0.16666666666666666
3.1666666666666665
0.5
0.16666666666666666
3.5
2.1666666666666665
3.5
3.6666666666666665
0.16666666666666666
3.0
0.3333333333333333
1.0
3.5
0.3333333333333333
3.1666666666666665
0.3333333333333333
3.6666666666666665
3.6666666666666665
3.3333333333333335
3.1666666666666665
3.1666666666666665
3.1666666666666665
3.0
3.3333333333333335
0.16666666666666666
3.5
3.1666666666666665
0.16666666666666666
3.3333333333333335
3.5
2.0
2.6666666666666665
3.1666666666666665
3.1666666666666665
3.5
3.5
0.3333333333333333
0.5
3.5
3.0
3.5
