0.027761692
0.025096288
0.023021411
0.023016484
0.022643805
0.022292696
0.021890465
0.021606956
0.021428682
0.021151133
0.02113196
0.020892473
0.020877473
0.020812334
0.020561278
0.020548098
0.020365542
0.020341799
0.020284623
0.020215368
0.020065082
0.019933973
0.01986587
0.019758048
0.019488417
0.019450743
0.019292094
0.019284023
0.0192088
0.019096632
0.01900424
0.01898252
0.018958498
0.01863858
0.01857709
0.018534407
0.018492816
0.018475074
0.018456075
0.018436566
0.01837706
0.018331958
0.01830872
0.018211856
0.018208502
0.018169874
0.018158002
0.01812219
0.018100256
0.018071655
