0.029847695
0.025809925
0.0249019
0.024502844
0.023005117
0.022969937
0.02245201
0.022439323
0.021143084
0.021128206
0.020739865
0.020295376
0.020161577
0.020104086
0.01996873
0.019945493
0.019789414
0.019663762
0.019596977
0.01958456
0.019579232
0.019450331
0.01943725
0.019366173
0.019350313
0.019292424
0.019217651
0.018994287
0.018981509
0.018786883
0.018785559
0.018771729
0.01871325
0.018710611
0.018698173
0.018692354
0.018555023
0.01847399
0.018442705
0.018427577
0.018424962
0.018403452
0.018388422
0.018374601
0.018304951
0.018298918
0.018265527
0.018262915
0.018258002
0.018241357
