0.02272722
0.021943687
0.021680025
0.021373136
0.021249989
0.02108837
0.021081608
0.020776084
0.020687563
0.020675875
0.020615462
0.020537823
0.020438816
0.020338656
0.020269707
0.02022056
0.020216398
0.020191003
0.020060657
0.019999668
0.019900966
0.019819163
0.019778652
0.019774908
0.019749364
0.019738458
0.019697921
0.019688036
0.0196754
0.019639798
0.019634897
0.019576749
0.019516641
0.019419841
0.019378234
0.019377295
0.019372826
0.019355873
0.019330423
0.01930549
0.019278804
0.0192535
0.01924163
0.019210076
0.019208727
0.01920816
0.019197168
0.01917189
0.019169297
0.01915748
