0.021803085
0.021792838
0.021012602
0.020905172
0.020725187
0.0206129
0.020584023
0.020517861
0.020455543
0.02040401
0.020371322
0.020278284
0.020234875
0.020208873
0.02016518
0.02011828
0.020034116
0.020013435
0.019961853
0.01994481
0.019921698
0.019900076
0.019899225
0.01988932
0.019871103
0.019867744
0.019861959
0.019846318
0.019837858
0.019769883
0.01974295
0.019730678
0.019715816
0.019704591
0.019685302
0.019683264
0.01967058
0.01965686
0.019654583
0.019579945
0.01954737
0.019539354
0.019530835
0.019485349
0.019469613
0.019439824
0.019361552
0.019348964
0.019340944
0.019302247
