0.030506883
0.026795538
0.024245005
0.023556208
0.022554124
0.021505091
0.021487646
0.021439567
0.021269716
0.020248061
0.020178974
0.019906156
0.019832877
0.019620566
0.019592045
0.01955218
0.019546697
0.019408578
0.019363964
0.019357814
0.019316435
0.019279465
0.019260136
0.019239778
0.019239314
0.019230768
0.019230504
0.019206177
0.019174369
0.019162003
0.019124322
0.01911457
0.019053271
0.01898486
0.018974546
0.018969985
0.018936072
0.018926468
0.018913947
0.018892393
0.018850239
0.01883683
0.018816102
0.018789986
0.018789094
0.018766014
0.018754639
0.01874636
0.018729169
0.018724408
