0.022889238
0.02287779
0.021390168
0.021301987
0.02129913
0.021223819
0.021210479
0.021189138
0.021143125
0.020992491
0.020896344
0.020873168
0.020691285
0.020598393
0.020478861
0.020427695
0.020259207
0.020253068
0.020142384
0.020010099
0.019857
0.019833881
0.019817669
0.019806849
0.019799106
0.019743301
0.019707648
0.019701408
0.01966762
0.019609291
0.019567106
0.019519655
0.019510923
0.019501489
0.019482255
0.019279182
0.019265415
0.019194629
0.019180885
0.019152239
0.01911141
0.019109521
0.019097546
0.01905599
0.018959949
0.018849688
0.018668896
0.01864681
0.018590521
0.018564258
