0.021387381
0.020975813
0.020856306
0.020748314
0.020640474
0.020539997
0.020453341
0.020447796
0.020418815
0.020342277
0.020335091
0.020303505
0.020232862
0.02017639
0.020129843
0.020083562
0.020073922
0.020059597
0.020014573
0.020005155
0.019975742
0.019932346
0.019909903
0.019903105
0.019897433
0.019869352
0.019865276
0.019858232
0.01979204
0.019790282
0.019769792
0.01974029
0.019719828
0.019697918
0.019689782
0.019685365
0.01966664
0.019655151
0.019650614
0.019648548
0.019642418
0.019640736
0.019637084
0.019621432
0.019605393
0.019602632
0.01958344
0.019577539
0.019575119
0.01957156
