0.029558482
0.028019447
0.024455728
0.024399092
0.023329897
0.022809371
0.022382025
0.022245226
0.02223001
0.02204696
0.02171295
0.021136517
0.020964159
0.020894965
0.02084752
0.020802327
0.020269936
0.020125883
0.020075273
0.019985061
0.019768482
0.019735878
0.019656288
0.019601794
0.019148026
0.01892926
0.01891302
0.018912578
0.018717796
0.018692821
0.018319203
0.018198848
0.018190457
0.018170945
0.018167838
0.018161813
0.018125553
0.018101994
0.018026223
0.017982055
0.017916879
0.017892554
0.017878102
0.017850814
0.017845161
0.017789155
0.017787427
0.017786205
0.017722994
0.017718986
