0.03324073
0.028658831
0.025088258
0.024310455
0.024142453
0.02382095
0.022945562
0.021432105
0.021276554
0.020956684
0.020915087
0.020609947
0.020443315
0.02031368
0.020106435
0.01988631
0.019762227
0.019656282
0.019561058
0.019547619
0.019381082
0.019253895
0.019031286
0.019019634
0.018938977
0.018932492
0.01886869
0.018789321
0.018764846
0.018729335
0.018683616
0.018594673
0.018567787
0.018558476
0.018550314
0.018425904
0.018258475
0.018251954
0.018225493
0.018150806
0.018149272
0.018008418
0.017990312
0.01796871
0.017964754
0.017954584
0.017892605
0.017833544
0.017803174
0.017783035
