0.5714285714285714
0.7142857142857143
0.7142857142857143
0.7142857142857143
0.8571428571428571
0.7142857142857143
0.7142857142857143
0.8571428571428571
0.8571428571428571
0.7142857142857143
0.8571428571428571
0.5714285714285714
0.8571428571428571
0.7142857142857143
0.8571428571428571
0.8571428571428571
0.5714285714285714
0.5714285714285714
0.8571428571428571
0.7142857142857143
1.0
0.5714285714285714
1.1428571428571428
1.1428571428571428
0.7142857142857143
0.7142857142857143
0.7142857142857143
0.7142857142857143
0.8571428571428571
0.7142857142857143
0.5714285714285714
1.1428571428571428
0.8571428571428571
0.7142857142857143
0.8571428571428571
0.7142857142857143
0.7142857142857143
0.5714285714285714
0.8571428571428571
1.0
1.0
1.0
0.8571428571428571
0.7142857142857143
0.8571428571428571
1.0
1.1428571428571428
0.7142857142857143
0.5714285714285714
0.8571428571428571
