0.024585754
0.022869186
0.022831481
0.022614826
0.021953791
0.021731738
0.021712678
0.021613972
0.021420583
0.020927005
0.02081254
0.020788288
0.020777963
0.02076569
0.020742817
0.020741098
0.0206956
0.020687537
0.02052067
0.020389821
0.020378402
0.020219423
0.020109752
0.019818518
0.01981083
0.0196858
0.019635685
0.019337185
0.019235913
0.019216726
0.019036101
0.019035857
0.019019509
0.019013185
0.019005844
0.018926479
0.018890128
0.018671123
0.018670801
0.018592695
0.01858409
0.018582813
0.018548923
0.018463843
0.018460564
0.018449355
0.018405128
0.018377371
0.018369785
0.018265136
