0.02175779
0.021476487
0.020982832
0.020918155
0.020737546
0.020725453
0.020720607
0.020536548
0.020494591
0.020478966
0.020285705
0.02020801
0.020194953
0.020169238
0.020125743
0.019990485
0.019982973
0.019979414
0.01996843
0.019961521
0.019959468
0.019944957
0.019928534
0.019909076
0.01987189
0.01981051
0.019808354
0.01979531
0.019793555
0.01978437
0.019776622
0.01975805
0.019729333
0.01971026
0.01967301
0.019634834
0.019633196
0.019630557
0.01961179
0.019587107
0.019585421
0.019579567
0.019545011
0.019534227
0.01952906
0.019519502
0.019501606
0.019402973
0.019380366
0.019376058
