0.02443039
0.024302684
0.023609292
0.023449382
0.022201048
0.021755189
0.02162514
0.021518722
0.021379538
0.021306535
0.0210388
0.021022992
0.0205683
0.020562511
0.020475686
0.020413313
0.02035341
0.02002989
0.020004176
0.019997545
0.019984309
0.019969476
0.019888008
0.019731091
0.01968289
0.019661747
0.019568764
0.019459251
0.019367628
0.019356864
0.01924305
0.019090181
0.019014988
0.018996395
0.018832298
0.01879384
0.018772172
0.018770743
0.018703982
0.018640533
0.01856342
0.018511407
0.018498592
0.01847119
0.0184582
0.018451884
0.01843329
0.018385803
0.018333968
0.018319422
