0.037237257
0.02598028
0.025144726
0.022915468
0.022698766
0.022573426
0.021411454
0.021369
0.021354059
0.020513205
0.020472657
0.020433087
0.02023738
0.020188868
0.019902043
0.019882727
0.01973646
0.019537592
0.019511173
0.019287122
0.019075923
0.01907178
0.019051585
0.019039644
0.019001944
0.01899961
0.01893179
0.018893583
0.01885997
0.018795118
0.018792173
0.01875375
0.018745
0.018739643
0.018690292
0.018662114
0.0186538
0.018639645
0.018590175
0.018589588
0.018530495
0.018475184
0.018329015
0.018310921
0.01827964
0.018275546
0.018239474
0.018215608
0.018203318
0.018176928
