0.023066547
0.022553584
0.022322819
0.02210105
0.021873139
0.021326771
0.021298561
0.021289513
0.020842377
0.02059554
0.020436294
0.020420406
0.020403525
0.020332044
0.020119894
0.020027677
0.020025015
0.020021854
0.019992916
0.01992644
0.019889785
0.019879175
0.019808965
0.019771123
0.019756734
0.019689256
0.019667407
0.019599106
0.019596571
0.019591672
0.01956476
0.019560594
0.019484125
0.019453308
0.019438935
0.0194115
0.019393625
0.019371275
0.019367164
0.019260645
0.019257162
0.019081756
0.019011835
0.019011367
0.018988572
0.01889687
0.018831141
0.018824728
0.018801065
0.01876381
