0.023425508
0.021614289
0.02156943
0.021074895
0.020723408
0.020581422
0.02055415
0.02054389
0.020505592
0.020449603
0.02039344
0.020357125
0.020336062
0.020226393
0.020205313
0.020202553
0.020156482
0.02012265
0.02007102
0.019979581
0.019969728
0.01995226
0.01994843
0.019942593
0.019870255
0.019850453
0.019823028
0.019768743
0.019754693
0.019669088
0.019668097
0.019553771
0.019553555
0.01952426
0.019514073
0.01949312
0.01948281
0.019467814
0.019460406
0.019459814
0.01939258
0.019384958
0.019368397
0.019345477
0.019331971
0.019300519
0.019284444
0.019264892
0.019255599
0.019251473
