0.021967825
0.0217726
0.021188775
0.021127557
0.021026332
0.021008436
0.02086081
0.020830533
0.020747237
0.020549703
0.020532671
0.020496057
0.02037978
0.02037617
0.020342305
0.0202865
0.02022163
0.020220164
0.02020399
0.02016378
0.020161288
0.02004346
0.020003868
0.019981604
0.01997043
0.019953707
0.019942893
0.019902237
0.01977132
0.01973133
0.019714648
0.019655284
0.019607281
0.0195582
0.019529585
0.019502608
0.01947376
0.01945139
0.019441402
0.019424813
0.019385632
0.019364813
0.019195396
0.019094864
0.019094005
0.0190049
0.018993393
0.018957544
0.018900901
0.018884521
