0.022297408
0.022086794
0.021854818
0.021849483
0.02148848
0.02127862
0.02123621
0.021075828
0.020832488
0.020663962
0.020493213
0.020347642
0.020124044
0.020086491
0.020052435
0.019930251
0.019905236
0.019895244
0.019866314
0.019846575
0.019817969
0.019797174
0.01973325
0.019637192
0.019631175
0.019610355
0.019603843
0.019569777
0.019563815
0.019563023
0.019508371
0.019493643
0.019491715
0.01948727
0.019482834
0.019438118
0.019431742
0.019429352
0.01942727
0.019420171
0.019391792
0.019390656
0.019382134
0.019381475
0.01937261
0.019367618
0.01936623
0.019355342
0.019334678
0.019307842
