0.025274348
0.0246433
0.022656394
0.022231922
0.021767315
0.02157309
0.0213848
0.021100972
0.020938532
0.020922877
0.020741979
0.020667506
0.020528186
0.020428345
0.020226488
0.02017498
0.020167341
0.020055693
0.020041363
0.020032039
0.019999605
0.01992834
0.01991327
0.019891964
0.019793143
0.019621972
0.019534469
0.019513756
0.019284725
0.019276014
0.019268645
0.019263288
0.01915977
0.019138688
0.019066676
0.019058956
0.019039042
0.01901473
0.018988483
0.018979214
0.018940724
0.01890476
0.018868728
0.018766763
0.018697977
0.018633226
0.018585898
0.018484052
0.018418329
0.018407263
