0.036824115
0.031709164
0.0277242
0.025891034
0.025095884
0.024750838
0.024627762
0.024615617
0.023715332
0.02329316
0.022276836
0.022220237
0.021602008
0.021045351
0.020590164
0.020155082
0.02011157
0.020032328
0.019934628
0.019695204
0.019128412
0.018882643
0.018769821
0.01869429
0.018507544
0.018341597
0.01831887
0.018273849
0.018065037
0.018001122
0.017959552
0.017941203
0.017750908
0.01774353
0.017493896
0.017269002
0.01713464
0.01693462
0.01691381
0.01688363
0.01679834
0.01671834
0.016695622
0.016685454
0.016458573
0.01640233
0.016398523
0.016378004
0.016342767
0.016203586
