0.024084188
0.023138225
0.023040388
0.022119706
0.021675888
0.021315785
0.02113914
0.021139067
0.020759588
0.020709861
0.02062665
0.020625478
0.020581158
0.020495646
0.020472238
0.020419361
0.020329071
0.020303158
0.020218551
0.02018394
0.020119576
0.020106705
0.020026943
0.019986853
0.01989572
0.019786287
0.019742636
0.019699898
0.019676007
0.01958893
0.01945693
0.019438472
0.019367777
0.019302154
0.019187085
0.01917549
0.019169165
0.01902662
0.018964974
0.018925969
0.018921208
0.018871777
0.01876133
0.018671682
0.018593151
0.018482985
0.01847708
0.018467043
0.018382823
0.018349636
