0.022743331
0.022407226
0.02211258
0.02191066
0.021642372
0.021506423
0.021124378
0.021118239
0.021082615
0.020956857
0.020931745
0.020775773
0.020697463
0.020663902
0.020546578
0.02045629
0.02041245
0.020107098
0.020040764
0.0199181
0.019886479
0.019852396
0.019762032
0.01974396
0.019641256
0.019640628
0.019589698
0.019585341
0.019531317
0.019529026
0.019468805
0.019453958
0.019353617
0.019335704
0.0192207
0.019193359
0.019192297
0.019154001
0.019153409
0.019138511
0.0190663
0.019026859
0.01901806
0.01898877
0.018957887
0.018896313
0.0188861
0.018882282
0.018855788
0.018840328
