0.023383835
0.023155406
0.023134526
0.022723902
0.022704156
0.022652358
0.02218027
0.021676352
0.021605091
0.02134786
0.021280961
0.021149974
0.021103177
0.02085142
0.020788869
0.02068487
0.020494416
0.020466438
0.020247657
0.020175612
0.020049809
0.019982245
0.019840699
0.019816991
0.01976452
0.019701995
0.019491564
0.019390104
0.01937636
0.01932028
0.019260092
0.019062433
0.01905916
0.018921273
0.01889822
0.018819531
0.018696701
0.018684456
0.018572027
0.018565342
0.018518094
0.01847215
0.018402256
0.018329231
0.01827056
0.018227179
0.018200554
0.018190704
0.018170908
0.018137302
