0.036635503
0.035323616
0.031753678
0.031599876
0.031288695
0.029251877
0.026805533
0.025404617
0.023207098
0.022604909
0.022253837
0.021710612
0.021364413
0.020703698
0.020430429
0.020181542
0.018794255
0.018789385
0.01866057
0.018364906
0.018224206
0.018157264
0.018142048
0.017939009
0.017911915
0.017832879
0.017777666
0.017704707
0.017504718
0.017451039
0.017445922
0.017031647
0.0169704
0.016723895
0.016684977
0.016670508
0.01660284
0.016573286
0.016301122
0.016254744
0.016211065
0.016115304
0.01608805
0.01601823
0.01599621
0.015830863
0.01570824
0.015700148
0.015670348
0.0156277
