0.023742653
0.022254013
0.021639138
0.021605585
0.02152425
0.021119665
0.020821856
0.020717727
0.020710872
0.020560306
0.02054635
0.020506207
0.02047764
0.02046342
0.020024512
0.01992703
0.01989364
0.019853849
0.019841986
0.019811364
0.019809915
0.019703347
0.019699363
0.019695928
0.019680765
0.019653331
0.019597381
0.019582001
0.019576192
0.01957086
0.019564537
0.019533053
0.01952688
0.019514173
0.019502833
0.019462883
0.019421488
0.019412203
0.01940184
0.0193828
0.019349009
0.019348837
0.019334137
0.01929753
0.019261654
0.019238843
0.019226568
0.019219339
0.01921736
0.01917292
