0.15384615384615385
0.07692307692307693
0.3076923076923077
0.0
0.6153846153846154
0.07692307692307693
0.6153846153846154
0.3076923076923077
0.46153846153846156
0.23076923076923078
0.15384615384615385
0.07692307692307693
0.46153846153846156
0.15384615384615385
0.6153846153846154
0.23076923076923078
0.5384615384615384
0.15384615384615385
0.3076923076923077
0.38461538461538464
0.38461538461538464
0.15384615384615385
0.46153846153846156
0.3076923076923077
0.38461538461538464
0.23076923076923078
0.6153846153846154
0.15384615384615385
0.38461538461538464
0.46153846153846156
0.3076923076923077
0.5384615384615384
0.38461538461538464
0.46153846153846156
0.46153846153846156
0.5384615384615384
0.46153846153846156
0.5384615384615384
0.38461538461538464
0.38461538461538464
0.5384615384615384
0.38461538461538464
0.38461538461538464
0.46153846153846156
0.3076923076923077
0.46153846153846156
0.46153846153846156
0.46153846153846156
0.38461538461538464
0.38461538461538464
