0.024345566
0.024086654
0.023837784
0.02322918
0.022436002
0.02211597
0.021982966
0.02169985
0.021590745
0.02136112
0.021285389
0.021191368
0.020995054
0.020627923
0.020288626
0.020154819
0.019901913
0.019855663
0.019772688
0.01969971
0.019643726
0.019596536
0.01959432
0.019564578
0.01945856
0.019386472
0.019367067
0.019296426
0.019240271
0.019226458
0.019116504
0.019088538
0.018983694
0.018942595
0.018940466
0.018939825
0.018881477
0.018870022
0.018787164
0.018776389
0.018754806
0.018742675
0.018701283
0.018699164
0.018690225
0.018559355
0.018554164
0.018401887
0.01837564
0.018360784
