0.021715488
0.021460548
0.02127087
0.02109514
0.020672167
0.020619677
0.020579841
0.020551305
0.02054155
0.020535626
0.020433286
0.020361831
0.020275228
0.02026686
0.020265102
0.020236788
0.020229258
0.020197874
0.020164913
0.020148437
0.020127697
0.020091586
0.020025522
0.019955574
0.019951139
0.019896798
0.01987157
0.019846445
0.019801328
0.019796286
0.019733354
0.01969147
0.019630248
0.019569356
0.019562572
0.019562254
0.019542655
0.019514825
0.019494347
0.0194903
0.019461198
0.019387258
0.019358926
0.019336548
0.019307224
0.019301983
0.019294469
0.01926853
0.019257907
0.019248854
