0.029272273
0.0268126
0.024825225
0.024120761
0.023325793
0.022640446
0.022330765
0.022209072
0.021932112
0.021232095
0.02105335
0.021051768
0.020404533
0.020157164
0.020122472
0.019928804
0.019890476
0.019820344
0.019750122
0.019610377
0.019554364
0.019553177
0.019504791
0.019323884
0.019284287
0.019253237
0.019178016
0.019143611
0.019108588
0.019056406
0.018789655
0.01873673
0.018674256
0.018661894
0.018573137
0.018460743
0.01843193
0.018423138
0.018396001
0.01834079
0.018315936
0.018250486
0.018225837
0.018207403
0.01820011
0.018166862
0.01809835
0.018032575
0.017865196
0.01769802
