0.022676373
0.0221275
0.021780418
0.020939974
0.020896843
0.020840278
0.020621559
0.020582661
0.020548008
0.020505259
0.020442441
0.020431232
0.020344632
0.020344418
0.020244913
0.020231204
0.02019475
0.020180592
0.020150581
0.020076385
0.020035742
0.019979203
0.019946052
0.01981829
0.01970014
0.01969916
0.01969106
0.019655166
0.019647954
0.019642495
0.019641658
0.019615509
0.019608088
0.019592594
0.019528694
0.019521846
0.0195077
0.019474544
0.019438153
0.019346707
0.01934212
0.01933646
0.019317033
0.019311454
0.019271525
0.019261185
0.01923972
0.019239157
0.019234652
0.019195894
