1.0
1.0
2.4444444444444446
2.2222222222222223
1.8888888888888888
1.0
1.7777777777777777
2.0
1.0
2.4444444444444446
2.4444444444444446
2.5555555555555554
2.4444444444444446
2.4444444444444446
1.5555555555555556
2.5555555555555554
2.4444444444444446
2.4444444444444446
2.4444444444444446
2.4444444444444446
2.5555555555555554
1.7777777777777777
2.5555555555555554
2.4444444444444446
2.5555555555555554
2.4444444444444446
2.5555555555555554
2.4444444444444446
2.4444444444444446
2.5555555555555554
2.4444444444444446
2.4444444444444446
2.4444444444444446
2.4444444444444446
2.4444444444444446
2.4444444444444446
2.5555555555555554
2.4444444444444446
2.4444444444444446
2.4444444444444446
2.5555555555555554
2.5555555555555554
2.2222222222222223
2.5555555555555554
2.5555555555555554
2.4444444444444446
2.5555555555555554
2.5555555555555554
2.4444444444444446
2.4444444444444446
