0.022439104
0.021529695
0.02079836
0.02076832
0.020726902
0.020563038
0.020523543
0.02039047
0.020358508
0.020353502
0.020328866
0.020325996
0.020275189
0.020113744
0.020100795
0.020067478
0.020058619
0.020007355
0.0199914
0.019965889
0.019951534
0.019890495
0.019839348
0.019827113
0.01982469
0.019816605
0.019799687
0.019776283
0.019766357
0.019764682
0.019735062
0.019734316
0.019726917
0.019720659
0.01967941
0.019677388
0.019651718
0.019628609
0.019611916
0.019593395
0.019588515
0.019584058
0.019554071
0.019544123
0.019531947
0.019531738
0.019526381
0.019517496
0.019459862
0.019458918
