0.022432594
0.021737194
0.02156362
0.021540755
0.021433158
0.021236246
0.021172835
0.02082419
0.020809526
0.020638438
0.020580066
0.020568755
0.020467393
0.020419199
0.020416137
0.020390801
0.020379942
0.020260548
0.020245237
0.020213194
0.020153856
0.02012127
0.01994433
0.019853655
0.01979381
0.019775717
0.019672016
0.019627959
0.019555086
0.01953362
0.019527275
0.01952252
0.019507699
0.019396024
0.019363685
0.019362397
0.019335449
0.019327614
0.019207198
0.019191034
0.019166814
0.019139573
0.019133454
0.019099759
0.019096998
0.019095425
0.019056965
0.01905261
0.019028194
0.019028123
