0.02297808
0.02289727
0.02284419
0.022438826
0.022313494
0.022127757
0.021336952
0.021012893
0.020910634
0.020849094
0.020516207
0.0205013
0.020396246
0.02032446
0.020298587
0.020190345
0.020176984
0.020143399
0.02010219
0.020097723
0.020036424
0.020035742
0.020012287
0.019847568
0.019836953
0.01981779
0.019810472
0.019787496
0.019676799
0.019662218
0.01957449
0.019540237
0.019523421
0.019474866
0.019269485
0.01924864
0.019051101
0.018999882
0.018905668
0.01888844
0.018865285
0.018851459
0.018830648
0.018680116
0.018669577
0.018633515
0.018597536
0.018590085
0.01849394
0.018331198
