0.022763051
0.022509787
0.02157882
0.020880125
0.020749316
0.02049615
0.02039563
0.020382272
0.020289358
0.020245584
0.020181876
0.020175152
0.020154318
0.020088715
0.02008191
0.019965522
0.019963335
0.019962685
0.019931009
0.01992497
0.019906802
0.019905766
0.01986795
0.019858636
0.019804437
0.019766683
0.019745661
0.019727165
0.019705107
0.01967666
0.019663204
0.019653423
0.019651793
0.019632304
0.019620067
0.019597895
0.01958692
0.01958613
0.019582061
0.019581499
0.019565348
0.019558968
0.019546775
0.01954487
0.019544413
0.019512335
0.019496433
0.019485284
0.019467175
0.019438606
