2.3333333333333335
1.8888888888888888
2.2222222222222223
2.2222222222222223
2.0
2.2222222222222223
2.0
2.2222222222222223
2.0
2.2222222222222223
2.2222222222222223
2.2222222222222223
2.111111111111111
2.2222222222222223
2.2222222222222223
2.2222222222222223
2.2222222222222223
1.7777777777777777
1.7777777777777777
2.2222222222222223
2.0
2.2222222222222223
2.2222222222222223
2.2222222222222223
2.0
2.2222222222222223
2.0
2.2222222222222223
2.0
2.111111111111111
2.2222222222222223
2.111111111111111
2.0
2.111111111111111
2.0
2.0
2.2222222222222223
2.0
2.2222222222222223
2.111111111111111
1.7777777777777777
2.111111111111111
2.0
2.2222222222222223
2.2222222222222223
2.2222222222222223
2.111111111111111
2.111111111111111
2.0
2.0
