0.038691252
0.03272855
0.027199194
0.02520708
0.024970809
0.02464365
0.024355361
0.023991527
0.02387779
0.022649726
0.022234356
0.022135042
0.021975145
0.02025442
0.019909356
0.019811602
0.019698663
0.019518169
0.019508922
0.019449063
0.019150155
0.019128984
0.018939339
0.018756565
0.01834397
0.018283954
0.018276196
0.018194478
0.018137692
0.018107858
0.018075455
0.01797241
0.017915895
0.017710958
0.017683351
0.01760692
0.017564444
0.017495846
0.017231021
0.016992377
0.016938502
0.016812205
0.016649738
0.016643077
0.016565567
0.016561104
0.016434148
0.016422689
0.016400455
0.016194994
