0.031071356
0.025427463
0.02413589
0.022850882
0.022389932
0.022375898
0.021416327
0.021087052
0.02093234
0.020594323
0.02056231
0.020556517
0.020471234
0.020464813
0.020259745
0.019933049
0.019896587
0.0197147
0.019628327
0.01939254
0.019360233
0.019346707
0.019339513
0.01918865
0.019185152
0.019153029
0.019150447
0.01912965
0.019063568
0.019060753
0.019033246
0.018976081
0.018944968
0.018931234
0.018904014
0.018889654
0.018809464
0.018801969
0.018797679
0.018767133
0.018762818
0.01864584
0.018621683
0.018608652
0.018587923
0.018579314
0.018572144
0.018570239
0.018568732
0.018488208
