0.03296398
0.02569048
0.02448272
0.021805154
0.021545589
0.021249752
0.021240866
0.020416228
0.020312594
0.020261744
0.020180728
0.020127207
0.020030845
0.019950474
0.019941125
0.019800272
0.019761894
0.019737693
0.019680854
0.019490745
0.019456701
0.019347502
0.019278992
0.019232335
0.019205004
0.019186523
0.019166596
0.019162072
0.019102808
0.019096695
0.019089982
0.019079883
0.01907487
0.01907268
0.019038565
0.019000856
0.018986385
0.018969672
0.018953318
0.018950474
0.01892695
0.018920595
0.018917909
0.018916477
0.018904353
0.018892763
0.018866988
0.018856047
0.018844783
0.018830279
