1.7272727272727273
1.6363636363636365
1.7272727272727273
1.6363636363636365
1.4545454545454546
1.7272727272727273
1.6363636363636365
1.6363636363636365
1.2727272727272727
1.4545454545454546
1.6363636363636365
1.7272727272727273
1.6363636363636365
1.6363636363636365
1.4545454545454546
1.4545454545454546
1.7272727272727273
1.7272727272727273
1.0909090909090908
1.7272727272727273
1.7272727272727273
1.4545454545454546
1.8181818181818181
1.5454545454545454
1.4545454545454546
1.7272727272727273
1.8181818181818181
1.7272727272727273
1.7272727272727273
1.8181818181818181
1.8181818181818181
1.7272727272727273
1.7272727272727273
1.7272727272727273
1.7272727272727273
1.8181818181818181
1.8181818181818181
1.7272727272727273
1.2727272727272727
1.5454545454545454
1.4545454545454546
1.6363636363636365
1.7272727272727273
1.6363636363636365
1.6363636363636365
1.3636363636363635
1.6363636363636365
1.7272727272727273
1.7272727272727273
1.2727272727272727
