0.022520524
0.021364277
0.020937853
0.020849267
0.020707855
0.02055559
0.02038282
0.020341946
0.02026921
0.020195495
0.020149874
0.020086506
0.020086328
0.020073764
0.02002282
0.019986195
0.019970018
0.01995462
0.019949324
0.019938914
0.01993542
0.019928798
0.01988973
0.019885931
0.019871328
0.019828394
0.01981091
0.019792957
0.01978872
0.019763561
0.019744378
0.019726813
0.019725725
0.019719789
0.019708691
0.019704264
0.019704057
0.019700198
0.0196884
0.019677222
0.019674776
0.019660046
0.019630756
0.019623755
0.0196186
0.01960334
0.019593047
0.019570343
0.019567845
0.019518927
