0.035949845
0.024709651
0.022521457
0.022403138
0.022312742
0.021935897
0.020783342
0.020740971
0.020717252
0.020632906
0.020262843
0.020223841
0.02020893
0.020190222
0.020175701
0.019866018
0.019651072
0.01960499
0.019595057
0.019542338
0.019520206
0.019471386
0.019457908
0.019422743
0.019311447
0.019198596
0.019189678
0.019183436
0.019140413
0.019085854
0.019047312
0.018966177
0.018960418
0.018900165
0.01888895
0.018847179
0.018847091
0.018806307
0.018746847
0.018728273
0.01868905
0.018681351
0.018669803
0.018626409
0.018624386
0.018615901
0.018608585
0.01858656
0.018580351
0.018568985
