0.023630574
0.02327418
0.022495477
0.022291392
0.021718364
0.021672877
0.021260617
0.021116506
0.020789083
0.020722082
0.020612627
0.0204436
0.02027977
0.02019569
0.020181965
0.020163555
0.020119375
0.019978883
0.019894011
0.019860167
0.01984621
0.019838221
0.019823441
0.019790884
0.019750787
0.019749656
0.019665465
0.019603921
0.019588644
0.019585708
0.019517848
0.019491993
0.019358901
0.019291824
0.019272177
0.019255616
0.01925281
0.019197037
0.019129751
0.019104807
0.01902611
0.019003691
0.018995108
0.018986817
0.01892589
0.018891454
0.018859146
0.018849535
0.01884754
0.01879814
