0.03143869
0.027384236
0.026290437
0.025105556
0.024905913
0.024689414
0.023972671
0.022561114
0.022387313
0.021266108
0.020983296
0.020635193
0.020530084
0.020303534
0.01999672
0.019984553
0.019841114
0.019817594
0.019749865
0.019457884
0.01899991
0.018994704
0.01898592
0.018945843
0.018734673
0.018686216
0.01867255
0.018651336
0.018487927
0.018406145
0.018392732
0.018349359
0.018334474
0.018313529
0.018279258
0.018213663
0.018202428
0.01819456
0.018121867
0.01811738
0.018099433
0.018096969
0.018079242
0.017936528
0.017864982
0.017854586
0.017791085
0.017656418
0.017639067
0.017595911
