0.02721045
0.026710793
0.025046783
0.02422744
0.02392851
0.023686849
0.023149153
0.022903005
0.022383137
0.022075484
0.02205405
0.0216533
0.02106018
0.020954847
0.02081963
0.02056129
0.02049999
0.020385701
0.019955864
0.019816825
0.019564748
0.019463146
0.019436264
0.019296609
0.019254295
0.019249022
0.019105272
0.019002302
0.018993018
0.018893983
0.018516816
0.018381223
0.018359281
0.018340988
0.018065315
0.01799663
0.017993428
0.017985433
0.017974652
0.017945467
0.017943203
0.01793011
0.017907435
0.017865757
0.017788956
0.017664725
0.017647589
0.017541936
0.017466784
0.01734238
