0.02797493
0.024488432
0.023818307
0.023531476
0.023008997
0.02251699
0.022490347
0.02226895
0.022187214
0.022134177
0.022109408
0.021843772
0.02130102
0.021261288
0.021246755
0.020709807
0.020511879
0.02044069
0.020412548
0.020194795
0.020145236
0.0199779
0.019890733
0.019797191
0.019766962
0.019561002
0.019372817
0.019265061
0.019180188
0.019160647
0.018838359
0.018495314
0.018417155
0.018368464
0.018337024
0.018311702
0.018273024
0.018264687
0.018180298
0.018030649
0.017934868
0.017924683
0.017776193
0.017721804
0.017522136
0.017478654
0.017448908
0.017392391
0.017367996
0.017346136
