0.028340278
0.027119696
0.02484856
0.024443911
0.023924144
0.023002895
0.02270524
0.02262699
0.022609126
0.02175966
0.021416835
0.021077026
0.020982586
0.020969765
0.020676954
0.020641163
0.020636315
0.020422215
0.020290017
0.020187177
0.019967057
0.019738229
0.01960847
0.01958526
0.01952223
0.019521443
0.01944652
0.019436112
0.019160857
0.019157179
0.019075762
0.018674958
0.018519761
0.01850446
0.018186646
0.018160084
0.018159524
0.017990187
0.01790567
0.017803762
0.017629752
0.017520664
0.017491233
0.01746306
0.01734111
0.017322812
0.017175505
0.01716845
0.017071597
0.017011046
