2.2857142857142856
2.0
2.0
1.7142857142857142
2.0
2.142857142857143
2.142857142857143
2.142857142857143
2.0
1.4285714285714286
2.2857142857142856
2.142857142857143
2.142857142857143
2.0
2.142857142857143
2.2857142857142856
2.0
2.0
2.142857142857143
1.8571428571428572
1.4285714285714286
1.8571428571428572
1.4285714285714286
2.0
1.7142857142857142
1.8571428571428572
1.5714285714285714
2.142857142857143
2.0
1.7142857142857142
1.4285714285714286
1.5714285714285714
1.8571428571428572
2.0
2.0
2.142857142857143
2.0
2.0
2.0
2.0
1.4285714285714286
2.0
2.0
1.8571428571428572
2.142857142857143
2.2857142857142856
1.8571428571428572
1.8571428571428572
2.0
2.142857142857143
