0.024835294
0.023297101
0.022850303
0.021905601
0.02132452
0.021268427
0.020969633
0.020764932
0.02067443
0.020595837
0.020553447
0.020500608
0.020494603
0.020406153
0.020376714
0.020336345
0.020012366
0.019989222
0.019904576
0.019882161
0.019845115
0.019831467
0.019798832
0.019717759
0.019663488
0.019639444
0.019611327
0.019593531
0.019557342
0.019548768
0.019450838
0.019450279
0.01943549
0.019411355
0.019392455
0.019377757
0.019376675
0.019245176
0.019201176
0.019144941
0.019129174
0.01896698
0.018956965
0.018954068
0.018946
0.018935079
0.01881876
0.018733436
0.018692764
0.01863132
