0.034003586
0.032547127
0.026220163
0.025914613
0.02450354
0.022563253
0.021790316
0.021591702
0.021421598
0.02127056
0.021209132
0.0211372
0.021132175
0.020945797
0.02015859
0.020047892
0.019886035
0.019665452
0.01961984
0.019568307
0.019538125
0.019115211
0.019107336
0.019091818
0.018986171
0.01896001
0.018872526
0.018776145
0.018773042
0.018557034
0.018463258
0.01844308
0.0183523
0.018348685
0.018198483
0.018192237
0.018155644
0.018071184
0.018008724
0.017886285
0.01786263
0.017634584
0.017516328
0.017440194
0.01725404
0.017093327
0.017055707
0.017027441
0.017014554
0.017007045
