0.022388691
0.022031082
0.022003796
0.021931926
0.021864027
0.021787383
0.021635449
0.021549003
0.021130675
0.02109992
0.020917052
0.020887049
0.020826366
0.02055861
0.020305574
0.020282764
0.020224024
0.02011391
0.020064881
0.020040236
0.020002518
0.019928826
0.019871285
0.019862702
0.019812893
0.019800417
0.019720413
0.019701896
0.01965259
0.019645726
0.019637858
0.019538885
0.019286446
0.01928263
0.019278903
0.019262373
0.019252293
0.019239405
0.01916251
0.019062506
0.018994126
0.01890663
0.018861825
0.018770793
0.018729027
0.01872872
0.018724103
0.018647708
0.018551636
0.018439822
