0.025163386
0.024092859
0.023780804
0.023327213
0.022857571
0.022134285
0.021936746
0.021760195
0.021241808
0.021085778
0.020745613
0.02056916
0.020523235
0.020313654
0.020203294
0.020032998
0.01999645
0.019915652
0.019851955
0.019825367
0.019793844
0.01975118
0.019662537
0.01955926
0.019436823
0.019417401
0.019377556
0.019356493
0.01932551
0.01931634
0.019242078
0.019223077
0.019071793
0.019008586
0.018942276
0.01893117
0.018926496
0.018916856
0.018896304
0.018868364
0.018818744
0.01876038
0.018751487
0.018708361
0.018642398
0.018613668
0.018600939
0.01844678
0.018405827
0.017869407
