0.044355407
0.039181173
0.03517795
0.031003343
0.02782344
0.026812058
0.026204137
0.023571603
0.022301564
0.02149041
0.021160644
0.020426229
0.020160317
0.019866047
0.019781202
0.01934088
0.019187024
0.018991757
0.018892065
0.018695269
0.018432342
0.018286623
0.018244026
0.018036403
0.01798526
0.01794503
0.0175861
0.017492881
0.017351031
0.017244577
0.01719926
0.017141724
0.01700581
0.016912011
0.01684817
0.016762389
0.016714115
0.016641634
0.01649462
0.016400388
0.016284022
0.01620668
0.015980566
0.015960116
0.015936013
0.015773434
0.015702426
0.01569882
0.015671255
0.0156398
