0.032028083
0.02739216
0.025087468
0.023129582
0.022919096
0.022683756
0.022302287
0.022122132
0.021712624
0.021058515
0.021002175
0.02072334
0.02050575
0.020442411
0.020285051
0.020172514
0.019868148
0.019582596
0.019461319
0.019272525
0.019150563
0.019113466
0.019093549
0.019072693
0.019052278
0.019040251
0.018992305
0.018939147
0.018914234
0.018869126
0.018747613
0.018696155
0.018597405
0.01859308
0.018574374
0.018558858
0.018555423
0.018536793
0.018415894
0.018363832
0.018351905
0.018314831
0.018309208
0.01830911
0.01830111
0.018243397
0.018185543
0.018153848
0.018101629
0.018100832
