0.038309954
0.03243297
0.030227471
0.02748027
0.026033422
0.02439116
0.024389021
0.024187405
0.023922086
0.02365016
0.023182986
0.02191669
0.02190307
0.020984152
0.020766813
0.020220255
0.020128597
0.01996968
0.019648762
0.019375313
0.019186096
0.018961241
0.01881885
0.018629787
0.018383395
0.018372644
0.01817726
0.018102776
0.017862396
0.017742299
0.017425962
0.017268509
0.017236577
0.017003728
0.016940523
0.016855316
0.016827542
0.016744433
0.016713874
0.016694462
0.016593555
0.016577512
0.016564703
0.01652429
0.01648681
0.016258648
0.016077721
0.015994377
0.015933016
0.015921468
