0.041725963
0.031274084
0.02633964
0.023034737
0.02242583
0.022298077
0.022152398
0.021523895
0.02103452
0.021010207
0.020842748
0.02077248
0.020541754
0.020172996
0.019864863
0.01979902
0.019791825
0.01978943
0.019504754
0.019455872
0.019435357
0.019327462
0.019222543
0.019213626
0.019125475
0.019070897
0.018976439
0.018912181
0.018821847
0.018813314
0.018693455
0.018581564
0.018548992
0.018471835
0.018360646
0.018341973
0.018312609
0.018223645
0.018133717
0.017913697
0.017780375
0.017539674
0.01736333
0.017230755
0.01714465
0.017135704
0.017135333
0.01709188
0.016904905
0.01681705
