0.037100222
0.030868502
0.028665721
0.025718058
0.023328695
0.023316683
0.023260795
0.02286827
0.022718238
0.021146875
0.020932194
0.020199392
0.020023411
0.01997225
0.01989836
0.019867009
0.01964213
0.019189838
0.019147392
0.019113906
0.019078413
0.018882953
0.018849755
0.018843463
0.018830499
0.018693341
0.018635638
0.018613556
0.018555697
0.018255493
0.018247642
0.018210001
0.018198524
0.018136408
0.018128633
0.018095639
0.01807732
0.01805732
0.018018028
0.018001484
0.017631346
0.017612595
0.01760022
0.017584343
0.017472446
0.017438559
0.01738486
0.017373305
0.017267391
0.017247157
