0.02154459
0.02124183
0.021192037
0.02112944
0.021121003
0.021066818
0.021027125
0.020994073
0.020975815
0.02090551
0.020821314
0.020790497
0.020661023
0.020655679
0.020403758
0.020228868
0.020170657
0.020158162
0.020138206
0.020114759
0.02005568
0.02002744
0.020022491
0.019912519
0.01990749
0.019864967
0.019821966
0.019772818
0.019730683
0.019729674
0.01972474
0.019703701
0.01966102
0.019620556
0.019617548
0.019568583
0.019555863
0.01953786
0.019381516
0.019317675
0.019281456
0.019263508
0.019253561
0.019220144
0.019005388
0.018892206
0.01885723
0.018799342
0.018776659
0.01877461
