0.0
0.14285714285714285
0.14285714285714285
0.2857142857142857
0.14285714285714285
3.0
3.2857142857142856
1.0
3.0
0.14285714285714285
3.142857142857143
3.142857142857143
2.0
0.14285714285714285
3.142857142857143
0.14285714285714285
3.0
0.2857142857142857
0.2857142857142857
3.0
3.0
2.0
1.0
3.142857142857143
0.14285714285714285
3.142857142857143
3.0
3.0
3.2857142857142856
3.142857142857143
3.0
0.14285714285714285
3.142857142857143
3.142857142857143
0.14285714285714285
3.0
3.142857142857143
3.0
3.142857142857143
3.142857142857143
3.142857142857143
3.4285714285714284
3.142857142857143
3.0
3.142857142857143
3.2857142857142856
3.2857142857142856
3.0
3.142857142857143
3.142857142857143
