0.022018014
0.021825984
0.021798473
0.021775374
0.021763403
0.021726938
0.02123922
0.02099273
0.020846996
0.020769807
0.020706575
0.020561434
0.02045735
0.020419126
0.020391367
0.020112136
0.020041546
0.020021839
0.020006966
0.020006003
0.019996082
0.019977214
0.019941844
0.019875415
0.019867625
0.019817553
0.019778052
0.019742753
0.019488014
0.019485068
0.019483844
0.019437784
0.019419607
0.019405246
0.01939206
0.019348694
0.019324409
0.019279158
0.019268407
0.019251471
0.01921756
0.01919737
0.019158002
0.019155568
0.019114733
0.019068338
0.019045273
0.018997846
0.018994374
0.018989354
