0.029185161
0.024977176
0.024356144
0.02380215
0.023314722
0.022581466
0.022534825
0.022325018
0.02156151
0.021151792
0.02065352
0.020375242
0.020227032
0.020066211
0.020003282
0.019990254
0.019854642
0.019764531
0.019684164
0.019675545
0.019621637
0.019466573
0.019313386
0.01930268
0.01920838
0.019142523
0.019087449
0.019070815
0.019054065
0.019024549
0.019005219
0.018864542
0.018839099
0.018831832
0.018814037
0.01880113
0.018732361
0.018693168
0.018689876
0.018530956
0.018526958
0.018491399
0.018420696
0.018420624
0.018392194
0.018379882
0.01836225
0.018311327
0.018261332
0.018254718
