0.03511299
0.030131761
0.027075963
0.02436245
0.02408262
0.022938935
0.022320235
0.022059316
0.022041872
0.021450952
0.021354692
0.021275148
0.02101766
0.02049077
0.020488778
0.02034785
0.020201834
0.02018745
0.02004503
0.0197957
0.019364307
0.019185338
0.019160338
0.01909784
0.01907711
0.01894759
0.01887616
0.018836653
0.01865753
0.018604847
0.01841204
0.018174894
0.01798298
0.01787701
0.017856132
0.017823435
0.017740417
0.01773051
0.017685197
0.017676836
0.017596958
0.017541982
0.017526746
0.017520435
0.017496984
0.01748417
0.017463597
0.017408922
0.017301943
0.01710909
