0.022384364
0.02221478
0.021438016
0.021390278
0.02105524
0.020956706
0.020945007
0.020787861
0.020767612
0.02046416
0.02045346
0.020374386
0.020331623
0.020192098
0.020182207
0.020118738
0.020100325
0.020069497
0.020069193
0.020062182
0.020000825
0.019993383
0.019942403
0.019801863
0.019780256
0.019774307
0.019733641
0.01962648
0.019560292
0.019540332
0.019537864
0.01952727
0.019524371
0.019523982
0.01947536
0.01946116
0.019455444
0.019455206
0.01945191
0.019430261
0.019408738
0.019369403
0.019343533
0.019320859
0.019312022
0.019283758
0.019268924
0.019252174
0.019245585
0.019240556
