0.021551264
0.020628048
0.020281613
0.020247266
0.020245472
0.020205706
0.020188227
0.02017903
0.020170294
0.020162173
0.02012964
0.020058187
0.020037487
0.020024102
0.020014876
0.02000978
0.020004794
0.019995902
0.019992001
0.019990683
0.019985233
0.019976918
0.019958086
0.019947015
0.019928848
0.019925604
0.01992435
0.019896213
0.01987887
0.019878116
0.0198722
0.019871712
0.019870652
0.019867057
0.019857764
0.01985669
0.019855002
0.019840019
0.019837681
0.0198355
0.01983076
0.019815631
0.019806439
0.01980208
0.019801464
0.019800875
0.019800726
0.019793404
0.019786635
0.019781854
