0.024371693
0.02390519
0.023272287
0.023230331
0.023054523
0.02212252
0.021906208
0.021744346
0.021484721
0.021409875
0.020950433
0.020707928
0.020532243
0.0201861
0.020146541
0.019989144
0.019979764
0.019908803
0.01985797
0.019818412
0.019801922
0.01960254
0.019515648
0.01949047
0.01947338
0.019467635
0.019408515
0.019401975
0.019397186
0.01935792
0.019297808
0.019283483
0.019105103
0.0190757
0.019075532
0.019044584
0.019032586
0.01891826
0.018915895
0.01891336
0.01881472
0.018654032
0.018646764
0.018629923
0.018605642
0.018555619
0.018547114
0.01850322
0.01844558
0.01843891
