0.033374008
0.027648592
0.026991675
0.026529785
0.026508579
0.025604278
0.023565235
0.022467256
0.021557102
0.021515729
0.020717258
0.02057396
0.020522503
0.020178875
0.020119933
0.020059472
0.019820657
0.019594934
0.019586956
0.019244777
0.019081505
0.019050142
0.019019239
0.018812582
0.018756611
0.018707456
0.018701872
0.018661676
0.018633282
0.018567491
0.018450093
0.018406842
0.018358538
0.018342676
0.018284472
0.01827136
0.01812825
0.017858703
0.017831156
0.01775461
0.017694617
0.017599128
0.017550869
0.017512996
0.01750205
0.017336613
0.017304648
0.017296096
0.01725156
0.017091373
