0.024837226
0.023791006
0.023260621
0.022968704
0.022472512
0.021994196
0.021925973
0.021813465
0.021127125
0.021030169
0.021007136
0.020878922
0.020540532
0.02037765
0.020321291
0.020231055
0.020201484
0.02004184
0.019947162
0.01990475
0.019866802
0.01979019
0.019664206
0.01962179
0.019539816
0.019489057
0.019416993
0.019352706
0.019299146
0.019234907
0.019200996
0.019106891
0.019047448
0.0190236
0.018983023
0.018965933
0.018942641
0.018916294
0.018890515
0.018855171
0.018850492
0.018831057
0.01879501
0.018754847
0.0186465
0.018500283
0.018498527
0.018414767
0.018414654
0.018412983
