0.022280587
0.021945314
0.021892894
0.02188443
0.021818677
0.02159047
0.02154122
0.021307962
0.020946264
0.020914964
0.02080138
0.020573368
0.02046387
0.020395152
0.020360408
0.020275485
0.020178396
0.02016102
0.020157216
0.020131975
0.02011769
0.020098617
0.0200063
0.019909607
0.01988489
0.019796446
0.019792592
0.019787211
0.019785786
0.019763889
0.01974886
0.019553544
0.019539833
0.019304015
0.019207153
0.019166498
0.019115506
0.019093273
0.019088041
0.019012293
0.019003382
0.01895365
0.018953536
0.018941015
0.018939113
0.018879699
0.018774372
0.018751621
0.018730354
0.018680224
