0.026858732
0.024387661
0.022603074
0.022487901
0.022456456
0.021926627
0.021303503
0.021177616
0.020711599
0.020660296
0.020493237
0.02047626
0.020422606
0.020394541
0.020249417
0.020157836
0.020136394
0.020084774
0.020067675
0.019900503
0.01990004
0.019725915
0.01972088
0.019509304
0.019456683
0.019431606
0.019417439
0.019410772
0.019407319
0.019385507
0.019310752
0.019298354
0.019256044
0.019237144
0.01923162
0.019210033
0.01920328
0.019184995
0.01914895
0.019131115
0.01903132
0.01885186
0.018818356
0.018732594
0.018555647
0.018519247
0.018264428
0.018251102
0.018230576
0.01821047
