0.038148105
0.027175834
0.02549544
0.023716448
0.023214057
0.022993265
0.022732897
0.021449987
0.021385299
0.021322343
0.02107235
0.020994429
0.020388957
0.020239318
0.019960746
0.019856615
0.019401861
0.019342769
0.019331472
0.019255457
0.019201955
0.019161716
0.01908815
0.01902938
0.01880106
0.018779619
0.018735722
0.018724166
0.018632388
0.018618457
0.018587058
0.018549122
0.01853104
0.018475905
0.018450852
0.018435016
0.01837254
0.01836037
0.018310508
0.018215014
0.018161224
0.018094113
0.01806993
0.01804495
0.017948449
0.017946621
0.017939243
0.01776854
0.017761022
0.017728271
