0.8571428571428571
0.8571428571428571
1.2857142857142858
0.8571428571428571
1.4285714285714286
0.8571428571428571
0.8571428571428571
0.8571428571428571
0.8571428571428571
0.8571428571428571
0.7142857142857143
1.2857142857142858
0.8571428571428571
0.8571428571428571
0.8571428571428571
1.1428571428571428
0.8571428571428571
0.7142857142857143
0.8571428571428571
0.7142857142857143
0.8571428571428571
1.2857142857142858
1.1428571428571428
1.1428571428571428
0.8571428571428571
1.4285714285714286
0.7142857142857143
0.8571428571428571
0.8571428571428571
0.8571428571428571
1.2857142857142858
0.7142857142857143
0.8571428571428571
1.5714285714285714
0.8571428571428571
0.7142857142857143
0.7142857142857143
0.8571428571428571
0.8571428571428571
0.7142857142857143
1.7142857142857142
0.8571428571428571
1.2857142857142858
1.1428571428571428
0.5714285714285714
1.5714285714285714
0.8571428571428571
0.8571428571428571
1.4285714285714286
0.7142857142857143
