0.025983222
0.024854112
0.024141341
0.023621824
0.022889558
0.02252555
0.02245253
0.022450209
0.021304106
0.021117467
0.0209611
0.02081099
0.020639498
0.020603728
0.02018226
0.020146923
0.019979905
0.0199615
0.019817848
0.01979482
0.019784879
0.019698497
0.019638848
0.019602709
0.019281574
0.019267779
0.01918121
0.019146448
0.019041847
0.019011922
0.018992867
0.018972348
0.018956125
0.01890848
0.018895473
0.018865945
0.018828962
0.01873871
0.018713936
0.018656746
0.018602509
0.018543746
0.018468348
0.018426782
0.01838979
0.018372146
0.018360639
0.018191729
0.01815694
0.018063582
