0.037843812
0.030693557
0.029869728
0.027689714
0.026774943
0.026250755
0.02504128
0.02290056
0.022717496
0.022481602
0.022249153
0.02173511
0.020735657
0.020644305
0.02061326
0.020261144
0.019914946
0.019824311
0.019410757
0.019408353
0.01939813
0.019345248
0.01924736
0.018870637
0.018309586
0.018095486
0.017702682
0.01768397
0.0176406
0.017611004
0.017494706
0.017475868
0.017394122
0.017391017
0.01736733
0.017249547
0.017240161
0.017117256
0.017032987
0.016974622
0.016902644
0.01683584
0.016821336
0.01678435
0.016698405
0.016642908
0.016501889
0.016398748
0.016381895
0.016329123
