0.021790156
0.021408377
0.021406738
0.021270268
0.02125998
0.021194145
0.02113249
0.021086022
0.021061588
0.020925228
0.020742526
0.02063686
0.020629454
0.020614566
0.020608243
0.020547915
0.020456837
0.020252649
0.02012913
0.020080656
0.019931296
0.019864516
0.019860566
0.019858811
0.01985836
0.019779477
0.01975528
0.019674903
0.019632582
0.019613497
0.019579206
0.019575968
0.019553162
0.019520523
0.01946103
0.019457271
0.019408662
0.019402675
0.019356841
0.019320078
0.019183436
0.019106003
0.019102301
0.019088695
0.019041684
0.01900503
0.019001486
0.018940011
0.018919112
0.018913673
