0.028896138
0.025394341
0.024057738
0.023741022
0.022849144
0.021711603
0.021297501
0.021278545
0.021213906
0.021155514
0.02069166
0.02067681
0.020577567
0.020512505
0.020484742
0.020481402
0.02001119
0.019957993
0.019815767
0.019759767
0.019607022
0.019516356
0.019500287
0.019401198
0.019392334
0.019341927
0.019322788
0.019310933
0.019297235
0.019266354
0.019197691
0.019171001
0.019055154
0.018956898
0.0188737
0.018841477
0.018705277
0.0186491
0.01863521
0.018506255
0.018470887
0.018464161
0.018312167
0.018310705
0.018304145
0.018265791
0.018259544
0.018199397
0.01817904
0.018121101
