0.037844393
0.029161314
0.027595859
0.025742665
0.025438637
0.02254343
0.022519192
0.02235236
0.022195587
0.022171032
0.021229591
0.02122137
0.020954581
0.020899447
0.020403303
0.020324867
0.020114738
0.019726103
0.019624662
0.019451134
0.019198358
0.018870084
0.018665167
0.01857099
0.018534202
0.018488394
0.018438995
0.018424073
0.018351318
0.018341547
0.018282888
0.018231966
0.018161057
0.018142868
0.018060561
0.01791141
0.017895678
0.017700586
0.017694222
0.017608535
0.017575815
0.01751306
0.017425306
0.0174186
0.017393567
0.017392734
0.017247558
0.017237028
0.016895194
0.016813973
