0.027725272
0.025963403
0.02398128
0.023689263
0.02276124
0.022621758
0.022504691
0.022042654
0.021565376
0.021195343
0.020827036
0.020707421
0.020422468
0.020374246
0.020358033
0.020295493
0.020293696
0.019946361
0.019725997
0.019640138
0.019599842
0.019595617
0.01945662
0.019395713
0.019272627
0.019246394
0.019235663
0.019196117
0.019048762
0.019044045
0.01902841
0.018945603
0.018884059
0.018771462
0.018763235
0.01873514
0.018683832
0.01861377
0.018484216
0.018468533
0.018423516
0.018412894
0.018376142
0.018318675
0.018309696
0.018295215
0.018244114
0.018213933
0.018206121
0.018088866
