0.02245692
0.022046214
0.022013674
0.0219534
0.021837607
0.021807851
0.021739963
0.021334467
0.02104368
0.02091745
0.020640174
0.020615209
0.020584116
0.02045148
0.020418413
0.02040062
0.02034395
0.020199258
0.020092102
0.020058144
0.020007698
0.020004643
0.020001315
0.019978637
0.019903716
0.01980606
0.019665817
0.019551054
0.01946207
0.019416751
0.019396087
0.019336956
0.019301314
0.019269114
0.0192384
0.019172162
0.01914595
0.01914554
0.019084584
0.019076431
0.018984405
0.018976185
0.018975878
0.018970195
0.018934004
0.01892165
0.018877529
0.018828675
0.018823711
0.018788662
