0.02376464
0.023530522
0.022007992
0.021800607
0.02177013
0.021558657
0.021468531
0.021259002
0.021217642
0.02107071
0.021069633
0.020951036
0.020810246
0.020781871
0.020656345
0.020641271
0.02054997
0.020520229
0.020420723
0.020332087
0.020209499
0.020163102
0.020089425
0.020049652
0.020041013
0.019796021
0.019677829
0.019544143
0.019400163
0.01936376
0.019288788
0.019246133
0.019131368
0.019120513
0.01897338
0.018966688
0.018889377
0.018856565
0.018833913
0.018811222
0.01875131
0.018699031
0.01867378
0.018617233
0.018576328
0.018498855
0.018460175
0.018423779
0.01837768
0.018287538
