0.02252112
0.022499638
0.021958407
0.021570837
0.021532748
0.02148834
0.021338765
0.021211863
0.021060761
0.021052824
0.021033553
0.02072528
0.020572344
0.020452503
0.020450888
0.020420482
0.020371117
0.02028663
0.02019292
0.019995658
0.019940767
0.01991893
0.019813985
0.019800324
0.019789986
0.019711647
0.01970399
0.019588567
0.019565482
0.01953505
0.019517407
0.01936822
0.019288395
0.019255435
0.019214943
0.01913993
0.01913402
0.019132577
0.01912705
0.019110342
0.019086245
0.019071275
0.019067738
0.019054057
0.018982777
0.018948397
0.018893635
0.018873507
0.018866358
0.01876223
