0.03332299
0.028136332
0.026917912
0.024975447
0.024690306
0.024561267
0.024476489
0.022986671
0.022959208
0.02195195
0.021872425
0.021512762
0.021168811
0.020365292
0.020331485
0.020118255
0.020054357
0.01993204
0.019926948
0.019784352
0.019649107
0.019646768
0.019561533
0.019518163
0.019453064
0.01936531
0.018982695
0.018895242
0.018695416
0.018456582
0.018445006
0.018383862
0.018230747
0.018009199
0.017790554
0.017729495
0.017698735
0.017672991
0.01735336
0.017325519
0.017277211
0.017214488
0.017046282
0.016962651
0.016951233
0.016885819
0.01685926
0.016746858
0.01665404
0.016493483
