0.025668046
0.024003996
0.023835052
0.022510845
0.021757973
0.02130402
0.021046894
0.020983972
0.020977173
0.02096143
0.020831719
0.02059518
0.02052571
0.020290837
0.02024856
0.02020855
0.019985834
0.01986065
0.01978171
0.019663969
0.01959166
0.019486485
0.019477686
0.019397367
0.019393137
0.019392973
0.019386968
0.01937957
0.019329278
0.019266995
0.019246643
0.019242827
0.019192213
0.019146288
0.019145835
0.01914399
0.019109415
0.019106941
0.019099224
0.019074881
0.019051127
0.019039115
0.01901524
0.018941374
0.018939111
0.01891992
0.018919734
0.01890908
0.018828839
0.01878398
