2.7777777777777777
2.3333333333333335
2.3333333333333335
2.3333333333333335
2.5555555555555554
2.6666666666666665
2.6666666666666665
2.5555555555555554
2.3333333333333335
2.7777777777777777
2.6666666666666665
2.6666666666666665
2.3333333333333335
2.5555555555555554
2.6666666666666665
2.3333333333333335
2.6666666666666665
2.7777777777777777
2.2222222222222223
2.3333333333333335
2.3333333333333335
2.3333333333333335
2.2222222222222223
2.7777777777777777
2.3333333333333335
2.7777777777777777
2.3333333333333335
2.7777777777777777
2.0
2.7777777777777777
2.3333333333333335
2.6666666666666665
2.6666666666666665
2.5555555555555554
2.4444444444444446
2.3333333333333335
2.2222222222222223
2.6666666666666665
2.7777777777777777
2.6666666666666665
2.7777777777777777
2.7777777777777777
2.3333333333333335
2.2222222222222223
2.6666666666666665
2.4444444444444446
2.6666666666666665
2.5555555555555554
2.4444444444444446
2.7777777777777777
