0.026160683
0.02482329
0.024284597
0.02345738
0.023374472
0.022774545
0.022010766
0.021638334
0.021539368
0.021265946
0.021188417
0.021148352
0.020999705
0.020957163
0.02095039
0.020949546
0.020881157
0.02085848
0.020809144
0.020766525
0.020608766
0.020426417
0.019469574
0.019122774
0.019110832
0.019104823
0.0190484
0.018962203
0.018822482
0.018803626
0.018774433
0.018724144
0.018653054
0.01861082
0.018579898
0.018465286
0.01845212
0.0184354
0.018420473
0.01833351
0.01827012
0.018251646
0.01822482
0.018160649
0.018001033
0.01799733
0.01796262
0.017838506
0.017804466
0.017721483
