0.030756474
0.030442243
0.027291283
0.026186038
0.025727218
0.02336532
0.022264378
0.022145502
0.021406278
0.0213739
0.020951422
0.020426843
0.020280117
0.020122483
0.019880226
0.019705275
0.019207537
0.019141536
0.019103305
0.01909184
0.01904645
0.018992284
0.01897803
0.018845912
0.018780274
0.018758407
0.018751385
0.018701987
0.01868874
0.018656543
0.01858544
0.018582001
0.018538628
0.018518247
0.018460294
0.018351771
0.018304795
0.01829535
0.018219283
0.018176643
0.018166585
0.01815112
0.018143347
0.017885953
0.017884716
0.017855912
0.01780566
0.017758641
0.0176314
0.017614925
