0.03580266
0.032306764
0.03027477
0.029661126
0.02558947
0.024420071
0.022659156
0.021586591
0.021395799
0.020261528
0.02021475
0.019970331
0.019895772
0.019819789
0.019584572
0.01946799
0.019344147
0.019084617
0.01907363
0.019070169
0.019028613
0.018957412
0.018906342
0.018858917
0.018405352
0.018388113
0.018343942
0.018324064
0.018269543
0.018230885
0.018102402
0.017981866
0.017976921
0.017972752
0.017972415
0.017790487
0.017784962
0.01776281
0.017740473
0.0177324
0.017716397
0.017713102
0.017678501
0.017642708
0.017641617
0.01758697
0.017563911
0.017548297
0.017467437
0.017426677
