0.028423827
0.028248554
0.024816552
0.024754168
0.02456497
0.023606785
0.023556288
0.02349487
0.023471842
0.023240233
0.023213835
0.022159327
0.02166849
0.021442935
0.02114271
0.021038909
0.020845728
0.020148108
0.019748965
0.019488169
0.01945682
0.01927348
0.019118603
0.0189864
0.01892085
0.01876954
0.018527238
0.018521357
0.018468942
0.018376324
0.018346144
0.018343305
0.018259153
0.018198682
0.018151864
0.018057376
0.018036382
0.017896682
0.017875677
0.01773883
0.017715747
0.017487057
0.017357918
0.017323604
0.017200595
0.017199095
0.017031748
0.016865768
0.016776582
0.016642977
