0.03447164
0.029735617
0.02689737
0.025305599
0.024766058
0.022321451
0.022223568
0.021790778
0.021685554
0.021493299
0.021090722
0.02085271
0.02064099
0.020437144
0.020312602
0.020088902
0.019659948
0.019653691
0.0195389
0.019385662
0.019209
0.019101406
0.01884302
0.018794492
0.018734403
0.01871964
0.01867827
0.018578758
0.018565902
0.01843003
0.018399103
0.018336339
0.018332317
0.01826847
0.018266564
0.018210562
0.018206067
0.018205523
0.018178873
0.018174889
0.01802703
0.017994814
0.01790898
0.017781103
0.017712142
0.017657261
0.017610427
0.01758078
0.017579274
0.017562302
