0.5555555555555556
0.5555555555555556
0.6666666666666666
0.5555555555555556
1.7777777777777777
1.2222222222222223
0.4444444444444444
0.3333333333333333
2.111111111111111
1.7777777777777777
0.5555555555555556
2.6666666666666665
0.5555555555555556
0.7777777777777778
0.6666666666666666
1.8888888888888888
2.6666666666666665
1.4444444444444444
2.6666666666666665
2.3333333333333335
0.3333333333333333
0.5555555555555556
0.6666666666666666
0.4444444444444444
0.5555555555555556
0.5555555555555556
0.6666666666666666
0.6666666666666666
0.7777777777777778
2.3333333333333335
2.7777777777777777
0.6666666666666666
1.4444444444444444
0.7777777777777778
0.4444444444444444
1.3333333333333333
2.6666666666666665
0.4444444444444444
1.6666666666666667
2.3333333333333335
0.6666666666666666
0.6666666666666666
0.5555555555555556
0.5555555555555556
2.2222222222222223
0.6666666666666666
2.0
0.5555555555555556
2.5555555555555554
0.8888888888888888
