0.03137248
0.03052826
0.029462894
0.029401628
0.027678505
0.027479757
0.024768185
0.024292145
0.023799207
0.023310944
0.021950783
0.021824371
0.021088853
0.02057024
0.02041234
0.020349301
0.019928358
0.01988087
0.019663721
0.01922861
0.019216333
0.019066691
0.018765043
0.01848339
0.01837725
0.0183761
0.018291809
0.018168138
0.01801477
0.017751371
0.017709315
0.017638477
0.017544888
0.017540596
0.017397879
0.017187543
0.017170174
0.017157223
0.016982961
0.016841706
0.016744338
0.016713087
0.016691133
0.016607333
0.016583769
0.01652199
0.01639744
0.016372753
0.016355237
0.016339814
