0.021670677
0.021468975
0.02143896
0.021204142
0.0210203
0.020897457
0.020647038
0.020570263
0.020538801
0.020461887
0.020443603
0.020439934
0.020374648
0.020294823
0.020229608
0.020155502
0.020149134
0.02013555
0.020044334
0.020026764
0.019989839
0.019989492
0.019970823
0.019931734
0.0199304
0.019927885
0.019848397
0.01978534
0.019774592
0.01968978
0.019638471
0.019628877
0.01960421
0.0195794
0.019555513
0.019531073
0.0195184
0.019517507
0.019506672
0.019477528
0.019464187
0.01946359
0.019440038
0.019360283
0.019356102
0.019302202
0.019277997
0.019277181
0.01923848
0.019211683
