0.024606673
0.022438515
0.021949017
0.021715244
0.021315742
0.02083979
0.020826165
0.020688182
0.020617876
0.020566419
0.02051089
0.020509383
0.020363532
0.020363027
0.02035695
0.020336559
0.02033308
0.02023934
0.020217583
0.020085055
0.020003734
0.019884728
0.019809918
0.019789921
0.01969974
0.01967543
0.019665899
0.019602256
0.019407474
0.019403957
0.019392226
0.019371623
0.0193354
0.019296763
0.019292634
0.019282084
0.019275311
0.01927059
0.0192582
0.019255076
0.019239863
0.019232227
0.019186815
0.019172031
0.01916604
0.019083625
0.019074906
0.019017655
0.019013297
0.018961536
