0.035652515
0.030182771
0.02521681
0.023074057
0.022686725
0.021791095
0.021783235
0.021458777
0.021305786
0.021191485
0.021190906
0.020435369
0.020174632
0.02010887
0.02004135
0.019745627
0.019670533
0.019666351
0.019658314
0.019577809
0.019576892
0.019549865
0.019425089
0.019287053
0.019265136
0.01925697
0.019034494
0.018903188
0.018829435
0.018811742
0.01868062
0.018658804
0.018521111
0.018424705
0.018390708
0.018252246
0.018246816
0.018240878
0.018223135
0.018120565
0.018116284
0.018026995
0.018022027
0.018011251
0.018010603
0.01797492
0.01797368
0.017884843
0.017855782
0.017811174
