0.022374716
0.02207595
0.02198512
0.021571761
0.021297822
0.021252455
0.021194115
0.02070027
0.020623125
0.020584658
0.020510964
0.020417841
0.020387357
0.020345846
0.020326378
0.020278895
0.020166237
0.020153753
0.020107944
0.020005163
0.019941857
0.019927507
0.019828903
0.019775461
0.019764172
0.019731812
0.01972632
0.019719357
0.01969804
0.019630184
0.019628445
0.019598205
0.01955758
0.019494548
0.019457705
0.019414894
0.019403802
0.019374322
0.019368378
0.019365974
0.019303193
0.01923035
0.019221306
0.019219251
0.019153476
0.019051874
0.019038852
0.019035602
0.018989805
0.018988442
