0.028083762
0.024987267
0.024011342
0.023968207
0.02393476
0.022272455
0.022027254
0.02154267
0.021353604
0.021228043
0.021184674
0.02117768
0.021128774
0.020868141
0.020775216
0.02075724
0.020201415
0.020103768
0.020038627
0.019940233
0.019928262
0.019912392
0.019800844
0.019565128
0.019456042
0.019318225
0.019232817
0.019223943
0.019144418
0.01913737
0.01912868
0.019122925
0.019085508
0.018862953
0.018764663
0.018672492
0.018551769
0.018496256
0.018347222
0.018113984
0.018087082
0.018076707
0.018071916
0.018024074
0.01788285
0.017799221
0.017770931
0.017656373
0.017610632
0.017569222
