0.02364935
0.021846652
0.021488868
0.021419985
0.02139269
0.021298362
0.02101261
0.020958623
0.020952279
0.020890217
0.02070912
0.020532763
0.020520343
0.02050768
0.020331623
0.020327589
0.020206716
0.020146169
0.02012869
0.020114131
0.02002829
0.020002125
0.019872472
0.019868078
0.019833293
0.019825956
0.01982401
0.019813988
0.019694746
0.019682417
0.019653387
0.019496256
0.01941287
0.019358732
0.019348139
0.019343382
0.019343067
0.019273583
0.019245304
0.01914355
0.019113244
0.019092742
0.01908318
0.019036809
0.01893611
0.018874053
0.018868657
0.018854892
0.018830309
0.018811934
