0.036587246
0.031758185
0.027610695
0.026697002
0.02649062
0.023780186
0.023768649
0.023305088
0.021164108
0.0210766
0.020905936
0.02069151
0.020667598
0.020481985
0.020448461
0.02025126
0.020223528
0.020198304
0.02013922
0.020135421
0.020035602
0.019764928
0.019362226
0.019219074
0.019175084
0.018715726
0.018525407
0.018409427
0.018375125
0.018324776
0.018044664
0.017896593
0.01788647
0.017666705
0.017579444
0.017578093
0.017352074
0.017326716
0.017250733
0.017037908
0.017001854
0.01691992
0.016913986
0.016896082
0.016874805
0.016772537
0.016731562
0.016685445
0.016650204
0.016645173
