0.023214685
0.022658166
0.022552453
0.022464626
0.022350276
0.022324845
0.021817934
0.021696692
0.021635639
0.021526938
0.02100836
0.020976502
0.020933734
0.020852566
0.020797778
0.020728301
0.02070508
0.02060481
0.020252636
0.020217726
0.0200769
0.020075211
0.020058736
0.019983402
0.019922374
0.019897094
0.019687822
0.019619651
0.019605929
0.019550074
0.01928421
0.019267237
0.019259071
0.019198127
0.019178716
0.018975962
0.018866481
0.018837288
0.018821545
0.018811777
0.018532977
0.018514238
0.018457426
0.018314319
0.018258264
0.018126827
0.017916035
0.017881729
0.017858827
0.017841918
