0.028646931
0.027595174
0.027168319
0.026859263
0.02432021
0.02406788
0.022224117
0.022041097
0.021862691
0.021848187
0.021513874
0.021304354
0.02128206
0.020949963
0.020128958
0.019962959
0.01990203
0.019823339
0.019647168
0.01963756
0.01916864
0.01910448
0.018866483
0.018863056
0.018830843
0.018823365
0.018770276
0.018678084
0.018622477
0.018604282
0.018525312
0.018511036
0.018476307
0.018433006
0.018245867
0.018203577
0.018188009
0.018143123
0.018067667
0.01805665
0.01803506
0.017973406
0.017910281
0.01790352
0.017874354
0.017764026
0.017740773
0.017642336
0.017606206
0.017581286
