0.022854593
0.021912364
0.021797875
0.0217881
0.02166875
0.021589791
0.02102015
0.02095937
0.02095936
0.020896727
0.020760525
0.020746991
0.02067136
0.020161359
0.01998872
0.019969681
0.019967863
0.019953506
0.01992426
0.019810025
0.019753994
0.01973434
0.019729838
0.01967468
0.019664368
0.01963417
0.019615134
0.019595634
0.019587196
0.019580163
0.019565828
0.019560734
0.01945669
0.019405022
0.01939443
0.019379439
0.019370966
0.019366834
0.019286716
0.019280648
0.019261196
0.019258061
0.019225115
0.019204594
0.019196913
0.019189958
0.019158203
0.01915744
0.019156102
0.019154204
