0.030333178
0.027709024
0.025705902
0.025696633
0.023586255
0.023570174
0.023376716
0.023082154
0.022959571
0.022355149
0.022174528
0.021982595
0.021845467
0.021355037
0.021229707
0.020895135
0.020419905
0.020232404
0.020199522
0.019960662
0.01995559
0.019727176
0.01931974
0.019282494
0.01913966
0.018895099
0.018800536
0.018473413
0.018404061
0.018385299
0.01838208
0.018229848
0.018000657
0.017944861
0.01794423
0.017919306
0.017803876
0.017763607
0.01763328
0.017432686
0.017402317
0.017279878
0.01723447
0.01723094
0.0172011
0.017184127
0.017156506
0.017102527
0.01705063
0.01705029
