0.024099013
0.023540495
0.023121929
0.022457883
0.022375766
0.022078745
0.021666594
0.02163143
0.021368517
0.021235917
0.021017907
0.020873863
0.020834502
0.020670768
0.0205607
0.020534404
0.02029898
0.020279361
0.02018747
0.020123158
0.020105911
0.02007042
0.019755231
0.01973991
0.019513812
0.019469542
0.019217266
0.019180896
0.019109054
0.01906839
0.019038908
0.019028185
0.019017551
0.018960714
0.01894876
0.01894544
0.018920269
0.01886981
0.01884644
0.018819142
0.018813875
0.018791223
0.018741574
0.018680064
0.018673621
0.018666757
0.018629326
0.01858623
0.01844229
0.018392071
