0.033083536
0.030732766
0.028398706
0.028227586
0.026687514
0.026058229
0.025649874
0.02334267
0.022595558
0.022274429
0.022172058
0.021445516
0.020532586
0.020363243
0.020300778
0.020162951
0.020161057
0.020154567
0.020150714
0.019772675
0.019461198
0.018995142
0.01878017
0.018628728
0.018604266
0.01845926
0.018430954
0.018264513
0.018053338
0.017901031
0.017827218
0.017826779
0.017651537
0.017641528
0.017628884
0.017612332
0.017495409
0.017037552
0.016989304
0.016974058
0.016972248
0.01690897
0.016885294
0.016881555
0.01671686
0.016713947
0.016668078
0.016618378
0.016582899
0.01652148
