0.031178003
0.029331105
0.026697611
0.025981115
0.022428056
0.021614416
0.021601262
0.021256577
0.021207156
0.021018386
0.020920513
0.02032622
0.019750657
0.019717036
0.019683614
0.019657793
0.019636024
0.019413048
0.019399902
0.019102458
0.019003604
0.01898527
0.018929264
0.018918857
0.018902378
0.018893667
0.018888239
0.018862028
0.018819354
0.018806795
0.018798368
0.018798184
0.018772146
0.018770486
0.018713169
0.018702617
0.018685488
0.018676387
0.018673444
0.018617662
0.018489351
0.018472346
0.018450094
0.018432174
0.018403953
0.018386437
0.018350858
0.018319543
0.01828725
0.018269593
