0.025638044
0.024482973
0.024335817
0.022370944
0.022004886
0.02199278
0.021497218
0.021250207
0.021134736
0.020987492
0.020964555
0.02075992
0.020688286
0.020332338
0.020251282
0.020197557
0.020180302
0.020039504
0.020028941
0.019839823
0.01976749
0.019741187
0.019730397
0.019599598
0.019554965
0.01936779
0.019348418
0.019343795
0.019315114
0.0193115
0.019275827
0.019205729
0.019186271
0.01914713
0.019001834
0.0189826
0.018954225
0.018906415
0.018873887
0.018871073
0.018815016
0.018597178
0.018571066
0.018568095
0.01853075
0.01851631
0.018509092
0.01847928
0.018476255
0.018474154
