0.03155148
0.031144148
0.02496703
0.024407985
0.023820138
0.02346311
0.022474512
0.021540368
0.0215099
0.021030337
0.02096186
0.02056321
0.0205219
0.020300904
0.020221587
0.02014541
0.019874956
0.01983476
0.019816242
0.019792473
0.019494757
0.019425724
0.019396577
0.01925438
0.019232707
0.019099735
0.019059924
0.019003868
0.018885173
0.018765379
0.018756278
0.018746454
0.018698053
0.018511707
0.01849431
0.01847929
0.018419933
0.0180869
0.018002221
0.017933179
0.017900014
0.017809993
0.017745458
0.017730327
0.017713528
0.01757681
0.01754221
0.017473005
0.017442575
0.01737721
