0.02739912
0.023368577
0.023367032
0.022872303
0.022822887
0.022258928
0.021668922
0.021353807
0.020735491
0.020659145
0.020505395
0.020456936
0.020407172
0.020346189
0.020075945
0.02004357
0.019986615
0.019979933
0.019951168
0.019840358
0.01967049
0.019592267
0.019521806
0.019518273
0.01947076
0.019408366
0.0192888
0.019287068
0.01926313
0.019261336
0.019169044
0.019163849
0.0191466
0.01912525
0.019037914
0.018966174
0.018955236
0.018932622
0.01888556
0.018882446
0.018862123
0.018810015
0.018809486
0.018806674
0.018784696
0.018750982
0.018667692
0.0186627
0.018612651
0.018586366
