0.033344064
0.027912779
0.02355817
0.023529623
0.023492966
0.023012636
0.0225884
0.022184003
0.022008197
0.02165059
0.021070963
0.020832034
0.020490108
0.020318612
0.020161172
0.020103656
0.020007728
0.019616563
0.019407004
0.0191143
0.019028492
0.019003961
0.018985244
0.018952515
0.018825762
0.018820237
0.018788978
0.018734489
0.01871892
0.018712157
0.018700529
0.018665904
0.018644944
0.01854844
0.01849634
0.018414805
0.018399136
0.018390225
0.018369691
0.01836122
0.018306032
0.01825335
0.018247548
0.018217515
0.018187724
0.018177649
0.018171623
0.018170236
0.018167982
0.018134829
