0.027441153
0.025920503
0.025691971
0.024914568
0.024066932
0.02398185
0.023918701
0.02339271
0.02333105
0.023155179
0.022928454
0.022857621
0.022472752
0.021487111
0.021279084
0.021229854
0.021011557
0.020668522
0.020608548
0.020134551
0.020009454
0.019895168
0.019552233
0.019190125
0.019019488
0.018974857
0.018788937
0.01842178
0.018384194
0.018241253
0.018217985
0.01800599
0.01786284
0.017858684
0.017840184
0.017805096
0.017794698
0.017645435
0.017585814
0.017563613
0.017563455
0.017500674
0.017115543
0.01705004
0.017046709
0.016979488
0.016959026
0.016944055
0.016862633
0.016827812
