0.024101691
0.021980394
0.02179135
0.02177526
0.021475565
0.021171823
0.020866735
0.020821946
0.020766959
0.020754604
0.020721368
0.020692956
0.02061839
0.020563565
0.020492649
0.02041256
0.020342838
0.020204855
0.020160142
0.02010097
0.020047765
0.019901525
0.019886516
0.019875553
0.019847022
0.019836998
0.019836098
0.019810325
0.019791096
0.019511972
0.019506285
0.019475823
0.019416763
0.019416565
0.019344779
0.019318307
0.019166011
0.01916318
0.01913212
0.019130144
0.019010453
0.018977493
0.018943004
0.01892087
0.018867616
0.01886404
0.018825205
0.018790971
0.018787254
0.018781617
