0.022015207
0.02123977
0.021237504
0.021210276
0.021016596
0.021003237
0.020975918
0.020951865
0.020883275
0.020763569
0.02074636
0.020650357
0.020521782
0.020517495
0.020434706
0.020433111
0.020345734
0.02028638
0.020266395
0.020262359
0.020241505
0.020182822
0.020130102
0.020081539
0.019983072
0.01996022
0.019899081
0.01980542
0.01976732
0.01970272
0.019671164
0.019519014
0.01950033
0.019471163
0.0194686
0.019448683
0.019414186
0.019302962
0.019226408
0.019223478
0.019173145
0.01916529
0.019127766
0.01910281
0.019070081
0.018979544
0.018927569
0.018921109
0.01889614
0.018874846
