0.024483731
0.023333754
0.022809431
0.022578094
0.022393914
0.022055892
0.022015978
0.021954386
0.021477059
0.021031855
0.02091796
0.020845514
0.020814773
0.020784104
0.020510644
0.020498957
0.020396441
0.02035959
0.020346219
0.020313816
0.020126553
0.020091774
0.01981927
0.019654134
0.019639608
0.019399477
0.019378211
0.019290522
0.01915614
0.01911091
0.019080628
0.019046957
0.01898712
0.018963661
0.018924836
0.018779743
0.01874907
0.01874212
0.018737672
0.018721988
0.01868475
0.018669045
0.018663505
0.018660318
0.018615255
0.018567262
0.01854325
0.018513676
0.018389378
0.018371027
