0.030754915
0.028913056
0.028203968
0.027651781
0.026004648
0.024965554
0.024937775
0.023651771
0.022458615
0.022140382
0.021586286
0.02154249
0.02142614
0.02120586
0.021102272
0.020942276
0.020671813
0.020196356
0.020026436
0.019693963
0.019509252
0.019264849
0.019039154
0.01898497
0.018775962
0.018737884
0.018530859
0.018413737
0.01828684
0.018190626
0.01791267
0.017885977
0.017825987
0.017797805
0.017548561
0.017486485
0.017450077
0.017213965
0.017150179
0.017082639
0.017051274
0.017042754
0.016992932
0.016982324
0.01697506
0.016879681
0.016745383
0.016734853
0.01673308
0.016697735
