0.026744395
0.026485773
0.025933063
0.022836184
0.022708254
0.021578487
0.021482082
0.021089682
0.021085694
0.020845521
0.020728251
0.020564957
0.020550001
0.020521779
0.020490702
0.020405965
0.020105705
0.020101449
0.020010415
0.01999041
0.01997177
0.019895248
0.019787896
0.019766817
0.01942546
0.019322613
0.01928913
0.019262584
0.019221388
0.019156808
0.019132076
0.019068139
0.018920489
0.018743612
0.018711332
0.018614117
0.01858829
0.01855088
0.018532317
0.018527934
0.018517433
0.018512867
0.018398844
0.018393215
0.01835596
0.018249545
0.018228333
0.018226989
0.018207401
0.018161695
