0.033001445
0.032880478
0.024211595
0.023810634
0.023508511
0.022335624
0.0218037
0.021705464
0.021610852
0.021532174
0.021463487
0.021014212
0.020634132
0.020594891
0.020368505
0.020188529
0.020188281
0.020021046
0.019857254
0.019853039
0.019838482
0.019775407
0.019663295
0.019238783
0.019219346
0.01900793
0.018931244
0.018914416
0.01887715
0.018858923
0.018768081
0.018753715
0.018685158
0.01840543
0.018328628
0.018161593
0.018039359
0.018021353
0.018009074
0.0179674
0.017719803
0.017709343
0.01744698
0.0174011
0.01739711
0.017313018
0.017309304
0.017287627
0.017215721
0.017151415
