0.028623622
0.02630856
0.0259117
0.024752328
0.024639728
0.023322236
0.023164913
0.022990916
0.02269717
0.022682734
0.022542542
0.022350186
0.021433651
0.021038663
0.020618878
0.02052991
0.020438338
0.020380665
0.020356297
0.019506017
0.019502616
0.019470448
0.019455688
0.019387558
0.019302718
0.019253446
0.019024078
0.01857871
0.018568236
0.018561814
0.01849554
0.018411843
0.018396737
0.018288888
0.018090801
0.01807986
0.017977668
0.017962119
0.017943693
0.017729754
0.017720813
0.017526904
0.017414277
0.017391847
0.017384438
0.0173341
0.017257255
0.017090876
0.017073225
0.017035013
