0.03753727
0.035376236
0.032067444
0.031207982
0.030077733
0.024838746
0.023433128
0.022492966
0.021910515
0.021826325
0.021599578
0.020708479
0.02062406
0.020196335
0.020193465
0.019989403
0.019348502
0.018747095
0.018722408
0.018713983
0.01862801
0.018540327
0.018178422
0.018165136
0.018134844
0.018121764
0.01783577
0.01778423
0.017743507
0.017648185
0.017636556
0.017581955
0.017573876
0.017324219
0.017297963
0.017248033
0.01723807
0.017219696
0.017082911
0.017064415
0.016954813
0.016919432
0.016871622
0.01675886
0.016680215
0.016581686
0.016578749
0.016340643
0.016336361
0.016318033
