0.0276129
0.027508583
0.026260007
0.024143836
0.023353739
0.022977931
0.02247308
0.022342933
0.022162836
0.02206568
0.021659156
0.021610057
0.021212667
0.020214539
0.020184238
0.020059155
0.019911585
0.019849794
0.019745402
0.019354952
0.01930728
0.019270549
0.01916837
0.01908877
0.019073274
0.019049812
0.01902362
0.019007016
0.019004503
0.018810196
0.018716512
0.018708427
0.018564567
0.018555932
0.018542968
0.018376635
0.018303588
0.018280646
0.018237995
0.018168569
0.01813292
0.01808395
0.018075123
0.018025475
0.018023102
0.01801426
0.017995268
0.017985463
0.017881291
0.017820911
