0.03828305
0.026066713
0.024257015
0.023947524
0.023832737
0.023388078
0.02293448
0.02242341
0.022413751
0.022032823
0.021906402
0.021808347
0.021629512
0.020368198
0.02026022
0.020229317
0.02007409
0.020012584
0.019955887
0.019932419
0.019818833
0.019792031
0.01969388
0.01918699
0.01902587
0.0189879
0.018918987
0.018895665
0.018745154
0.018644148
0.018540524
0.018412137
0.018047579
0.017950201
0.017941112
0.017924815
0.017846096
0.017731711
0.01770728
0.017634332
0.017594
0.017551798
0.017470904
0.017465986
0.017381493
0.017266102
0.017167907
0.01708816
0.01698345
0.016828394
