0.027075548
0.02496315
0.024311721
0.022913015
0.022568522
0.022234973
0.021515118
0.02120749
0.021103969
0.020861655
0.020836677
0.020562017
0.020396378
0.02033651
0.020172155
0.019897217
0.01982519
0.01982211
0.019800087
0.01975055
0.019745395
0.019721355
0.01971707
0.019705668
0.019682258
0.019680543
0.019437278
0.01938467
0.019176777
0.01905758
0.019049404
0.019033747
0.01894954
0.0189062
0.018892564
0.018854465
0.018809788
0.01877474
0.018746423
0.018726163
0.018714175
0.018700864
0.018651308
0.018637853
0.018580753
0.018561943
0.018531127
0.018510284
0.018485826
0.018420178
