0.027059378
0.024921518
0.024653506
0.023314547
0.022555707
0.02216684
0.022072963
0.021719111
0.02155417
0.021224355
0.02115895
0.021076096
0.020725183
0.020691846
0.02046756
0.020435147
0.020308558
0.020029424
0.019790296
0.019765783
0.019559015
0.019479822
0.019398022
0.019360306
0.01935237
0.019200854
0.019114848
0.01907944
0.019011125
0.018959038
0.01894672
0.018936396
0.018792601
0.0187537
0.01874987
0.01872718
0.01872212
0.018715592
0.01867067
0.01866414
0.018629527
0.018594166
0.018593889
0.018513527
0.018419297
0.018417528
0.018386442
0.018274749
0.018261066
0.018025037
