0.029319381
0.02728663
0.026784789
0.026388654
0.026387038
0.025874723
0.024564477
0.023786668
0.023490412
0.02280153
0.022707982
0.022682328
0.022537958
0.022367634
0.022248046
0.021875745
0.021448743
0.020892039
0.020337645
0.019486124
0.01917176
0.019138334
0.018647688
0.018441575
0.01838156
0.018379804
0.018371267
0.018340113
0.018285204
0.0180964
0.018057076
0.01789318
0.01753909
0.017400894
0.017309647
0.017237121
0.017208839
0.017105805
0.017075233
0.017058812
0.016968612
0.016891377
0.016882515
0.01683508
0.016802313
0.016744165
0.016628753
0.01662165
0.016615912
0.016601602
