0.022977814
0.022610206
0.021989053
0.021954836
0.02128746
0.0212647
0.021226095
0.021176286
0.020995922
0.020843692
0.020811772
0.020720268
0.020574097
0.02057288
0.020509433
0.02039741
0.020338291
0.020271266
0.020250386
0.02023481
0.020183763
0.020109257
0.020074086
0.019871973
0.019812275
0.01979484
0.019783938
0.019728014
0.01971292
0.019678393
0.019511918
0.019511413
0.019462315
0.019353505
0.019338118
0.019321218
0.01928618
0.019273844
0.01921051
0.019208487
0.019194052
0.018866315
0.018854514
0.018760199
0.018586952
0.01856946
0.018546375
0.018514717
0.018437503
0.018436223
