0.022290546
0.021288048
0.021124264
0.020890802
0.02076257
0.020743135
0.020595446
0.020418642
0.020406904
0.020371292
0.02030573
0.020288056
0.020260304
0.02022631
0.020210546
0.020115854
0.0201067
0.02009048
0.020036029
0.019879656
0.019839041
0.019818747
0.019801762
0.019793492
0.019755766
0.01975192
0.019742487
0.019736724
0.019728981
0.019728595
0.019721689
0.019680241
0.019679205
0.019672588
0.019638382
0.019614602
0.019606115
0.019603066
0.01959533
0.019593794
0.01958964
0.019585866
0.019573605
0.019572623
0.019567683
0.01955488
0.01952399
0.019515788
0.019505303
0.019496694
