0.027343877
0.025198275
0.023345219
0.022398507
0.021850055
0.021826716
0.021791678
0.021395367
0.021253936
0.021247698
0.021124054
0.02056306
0.020352459
0.02017536
0.020134566
0.020113062
0.020086085
0.019983985
0.019895712
0.019799326
0.019772464
0.01974305
0.019742118
0.01961663
0.01961521
0.01960277
0.019541338
0.019533787
0.01940725
0.019378582
0.01933481
0.019329503
0.019291097
0.019272592
0.019260319
0.019195518
0.018947683
0.018877976
0.01877404
0.018764863
0.018577721
0.018539293
0.018464692
0.018394765
0.018371897
0.018357912
0.018300653
0.018136855
0.018051174
0.017924458
