0.036960714
0.025478825
0.024722906
0.023145229
0.021976583
0.021627566
0.021528333
0.021275865
0.020956347
0.020890241
0.020756362
0.020312728
0.02027824
0.020203242
0.01974902
0.019734794
0.01963385
0.019449668
0.019338895
0.019322282
0.019222312
0.01918573
0.01907215
0.018990088
0.018868528
0.018847771
0.018847574
0.018820398
0.018817395
0.018812902
0.01880002
0.018797053
0.018793086
0.018784566
0.018770639
0.018757189
0.018749086
0.01874582
0.018742671
0.01870265
0.018685713
0.018660747
0.018657696
0.018554358
0.018547526
0.018537102
0.018522676
0.018496722
0.018482726
0.01838542
