0.034641355
0.03321216
0.025281884
0.023264509
0.022134801
0.021974418
0.021799866
0.021627726
0.02136184
0.021115046
0.02043331
0.02034089
0.020286882
0.020102754
0.020079173
0.019959025
0.019561458
0.019547885
0.019396456
0.019308373
0.019222891
0.019209148
0.019202251
0.019179553
0.019155238
0.019154826
0.019150155
0.01904006
0.018905297
0.018819744
0.018815598
0.018814
0.018802945
0.01871789
0.018617468
0.01855318
0.01847301
0.018363344
0.0182285
0.018103825
0.01807655
0.017886844
0.017868929
0.0178365
0.017833522
0.017823175
0.017738165
0.017736673
0.017664833
0.017576024
