0.026388392
0.025867864
0.024534384
0.024383517
0.024314644
0.023365378
0.023036519
0.022849213
0.022349477
0.021346113
0.021248877
0.021200705
0.02115293
0.020513078
0.020450389
0.020260064
0.019949889
0.019859161
0.019653292
0.019589256
0.0194413
0.019298201
0.019260721
0.019242367
0.019202637
0.01913997
0.019139254
0.019047111
0.01899875
0.018986696
0.018927358
0.01878575
0.018747019
0.018710755
0.018475542
0.018455278
0.018421493
0.018311396
0.018265514
0.018228587
0.018212292
0.018194307
0.018179724
0.018152812
0.018128408
0.018087022
0.018020181
0.01795411
0.01788829
0.01778408
