0.025056442
0.023094071
0.021977114
0.021794142
0.0214837
0.021360084
0.021202497
0.021085922
0.020726347
0.02070314
0.020666178
0.020625584
0.020603552
0.02052547
0.020517237
0.020515647
0.020481715
0.020219112
0.02017122
0.020166304
0.020149423
0.02004189
0.02000922
0.01998779
0.019975888
0.019933874
0.019885184
0.019675318
0.019666605
0.019529471
0.01940844
0.019393327
0.019388955
0.019387156
0.019152336
0.019118948
0.019079257
0.019055022
0.01887612
0.01886387
0.018863259
0.018809555
0.01880168
0.018741693
0.01862025
0.018609924
0.018550554
0.018504294
0.018477531
0.018467646
