0.028142344
0.02576115
0.024680935
0.024435656
0.022246726
0.021919055
0.021792691
0.021477817
0.021382429
0.021311533
0.021175005
0.02102701
0.020981077
0.02045528
0.020442413
0.02019202
0.019938346
0.019783635
0.019774888
0.019735126
0.019720417
0.019703954
0.019634949
0.019551681
0.019379942
0.019339139
0.019065382
0.019059332
0.019052563
0.018966768
0.018962774
0.01879332
0.018787684
0.018771673
0.018738752
0.018673347
0.01865714
0.018649891
0.018639082
0.018541766
0.018526886
0.018510371
0.018434756
0.018268714
0.018259488
0.018214844
0.018172273
0.018109832
0.018084498
0.018073702
