0.033519637
0.032356914
0.025251867
0.023810796
0.023211801
0.022881197
0.022030668
0.021495229
0.021266103
0.021138318
0.020933667
0.020487165
0.020414013
0.02025707
0.019925447
0.01983397
0.019745268
0.019638387
0.019584993
0.019268308
0.019216446
0.019165948
0.019158956
0.018991413
0.018973319
0.018749775
0.018743413
0.01872243
0.018635167
0.018604163
0.018572157
0.01855275
0.018471569
0.018442567
0.018419256
0.018416867
0.01835544
0.018214744
0.018201469
0.018156743
0.018121095
0.01802988
0.018027483
0.018027406
0.018025013
0.018018601
0.0180076
0.017983645
0.017976495
0.017967416
