0.024197252
0.023105657
0.022869483
0.02183837
0.021523157
0.021496559
0.0210443
0.02102856
0.0209604
0.02071762
0.020639654
0.02063458
0.02036886
0.020232359
0.020213647
0.020154469
0.020147897
0.020139411
0.020043215
0.020005083
0.019928223
0.019826433
0.019808132
0.019735055
0.019734005
0.019719679
0.019705614
0.019571636
0.01956745
0.019544909
0.01953916
0.01936903
0.019331872
0.019307656
0.019295122
0.019166278
0.019119896
0.019115806
0.019068113
0.019064058
0.01903379
0.019032244
0.01900766
0.018996857
0.018933753
0.018930722
0.018922042
0.01879339
0.018742891
0.018728027
