0.022435946
0.022261064
0.022198495
0.022025377
0.021945892
0.021372747
0.021101195
0.021092668
0.021002911
0.020813685
0.020777166
0.020751463
0.020637365
0.02053488
0.020421695
0.020393543
0.020389123
0.020328434
0.020315532
0.020201514
0.020134937
0.020134762
0.020070357
0.019878699
0.019761905
0.019753631
0.019721096
0.019705532
0.019585352
0.019576201
0.019539712
0.01951685
0.019514507
0.019450938
0.019185249
0.01913985
0.019094748
0.019088648
0.019053536
0.018986868
0.018953552
0.018844143
0.018831348
0.018822951
0.018804945
0.018802233
0.01877834
0.018772509
0.018755028
0.018740943
