0.036251526
0.03396295
0.03368549
0.026557604
0.02415671
0.022265796
0.022142773
0.021907352
0.020927988
0.020870626
0.020795507
0.020474423
0.020356202
0.020037495
0.020025466
0.019870121
0.019751096
0.019209083
0.019155983
0.019116556
0.01894286
0.018843617
0.01883508
0.01875962
0.01872066
0.018638436
0.018617872
0.018506799
0.01846156
0.01830599
0.018284082
0.01825323
0.017787844
0.017765533
0.017738791
0.017727513
0.017699268
0.017679522
0.017570842
0.017509406
0.01750475
0.017504064
0.017477661
0.017452095
0.01741411
0.017351791
0.017342407
0.017313713
0.017245285
0.017224781
