0.022088833
0.021681337
0.021221375
0.021175958
0.020920109
0.020898376
0.02070485
0.020632006
0.020545574
0.020533701
0.020497093
0.020474019
0.020461772
0.020327836
0.020306265
0.020276258
0.020268582
0.020153424
0.020151952
0.020145347
0.02002992
0.02002985
0.019999024
0.019847747
0.01979356
0.01978519
0.019740712
0.01972817
0.01970607
0.019678809
0.019650044
0.01963488
0.01956949
0.019567788
0.01956367
0.019521767
0.01944282
0.019436238
0.01942736
0.019417323
0.019405104
0.01933259
0.019331817
0.019308154
0.01929646
0.019290203
0.019270975
0.019250972
0.019246414
0.019232284
