0.8571428571428571
1.0
1.2857142857142858
1.8571428571428572
1.1428571428571428
1.4285714285714286
1.2857142857142858
1.0
1.2857142857142858
1.0
1.1428571428571428
1.1428571428571428
1.1428571428571428
0.8571428571428571
1.0
2.4285714285714284
1.1428571428571428
1.2857142857142858
1.4285714285714286
0.8571428571428571
0.8571428571428571
1.4285714285714286
0.8571428571428571
1.0
1.7142857142857142
1.5714285714285714
1.2857142857142858
1.2857142857142858
1.8571428571428572
1.8571428571428572
1.2857142857142858
1.2857142857142858
2.2857142857142856
1.2857142857142858
1.1428571428571428
1.1428571428571428
1.2857142857142858
2.142857142857143
1.2857142857142858
1.1428571428571428
1.1428571428571428
1.1428571428571428
1.2857142857142858
1.0
2.4285714285714284
1.2857142857142858
1.2857142857142858
1.2857142857142858
1.0
1.2857142857142858
