0.029359385
0.028635213
0.028011452
0.026748171
0.025987685
0.025426399
0.023797914
0.023449076
0.023215754
0.022974102
0.022270186
0.022256708
0.021694968
0.021370646
0.021039205
0.020632736
0.020081874
0.019723894
0.019631967
0.019512907
0.019153768
0.019073017
0.019016141
0.01873027
0.018628396
0.018521447
0.018473653
0.018456731
0.018369999
0.018253583
0.018215558
0.018175818
0.018076096
0.018018894
0.017814107
0.017801741
0.017609598
0.017502656
0.017282287
0.017268956
0.017252194
0.0171503
0.017104598
0.017086811
0.017046005
0.016972974
0.016852375
0.016848378
0.016752081
0.016671376
