0.023890914
0.023154845
0.022908878
0.022829058
0.022336619
0.022179913
0.022154238
0.02199996
0.02165735
0.021356326
0.021314932
0.020978434
0.020953972
0.020906685
0.020874275
0.020484243
0.020056661
0.020028524
0.019849401
0.019735709
0.019652005
0.01957548
0.019569611
0.019563118
0.01953143
0.01950879
0.01950765
0.019355154
0.01934222
0.019338787
0.01930259
0.01928579
0.019280424
0.019264515
0.019036943
0.019018948
0.018973812
0.018902615
0.018891914
0.018879225
0.018759184
0.018722234
0.018504718
0.018479357
0.018450001
0.018421901
0.018355686
0.018320708
0.018305464
0.01824887
