0.3333333333333333
0.6666666666666666
0.0
0.3333333333333333
0.6666666666666666
11.0
10.333333333333334
9.666666666666666
0.6666666666666666
10.666666666666666
10.0
10.333333333333334
9.666666666666666
10.0
9.333333333333334
9.333333333333334
0.6666666666666666
10.333333333333334
10.333333333333334
9.666666666666666
10.333333333333334
10.333333333333334
10.333333333333334
10.333333333333334
9.0
10.333333333333334
10.333333333333334
10.333333333333334
10.333333333333334
10.333333333333334
10.333333333333334
10.333333333333334
9.0
10.333333333333334
10.333333333333334
10.333333333333334
10.333333333333334
10.333333333333334
10.333333333333334
10.333333333333334
10.333333333333334
8.666666666666666
10.333333333333334
9.333333333333334
0.3333333333333333
8.666666666666666
10.333333333333334
8.333333333333334
8.333333333333334
8.333333333333334
