0.025409501
0.024891507
0.023855133
0.023261761
0.023043586
0.022613317
0.022461079
0.021510446
0.021467617
0.02111169
0.021067489
0.021018382
0.020816
0.020746144
0.020602517
0.020592816
0.020559046
0.020557605
0.020297363
0.020101381
0.020097148
0.02007408
0.020036798
0.01989315
0.019702526
0.019689746
0.01930769
0.019213563
0.01913265
0.01907013
0.018996987
0.018981723
0.018946188
0.0189053
0.018803433
0.018673232
0.018518327
0.018517384
0.018488485
0.018398177
0.018283533
0.018246466
0.018219123
0.018124573
0.018122237
0.018058632
0.01796951
0.017965097
0.017924879
0.017654777
