0.024951747
0.022661762
0.02220178
0.021948924
0.021668328
0.021277716
0.021034658
0.02100419
0.020854913
0.020707093
0.02070633
0.020514723
0.020392759
0.02035627
0.020211538
0.020191023
0.02008174
0.019988904
0.019985538
0.019899031
0.01986941
0.019840432
0.019804835
0.019797077
0.019768529
0.019760825
0.019673608
0.019622952
0.019524148
0.019493558
0.019478336
0.019430023
0.019355875
0.019338896
0.019265523
0.019233882
0.019228047
0.019188127
0.019161219
0.019100318
0.019067269
0.019034632
0.018989945
0.018974371
0.018964428
0.018942017
0.018886184
0.018864268
0.0188642
0.018838022
