0.023230335
0.023218289
0.021514496
0.021292914
0.021275599
0.021236628
0.021098306
0.0210281
0.020917697
0.020876113
0.020637007
0.02027302
0.02011613
0.02009373
0.020083684
0.020054955
0.020052692
0.020021988
0.020020634
0.02001203
0.019971134
0.019899338
0.01983257
0.01976429
0.019747084
0.019742934
0.019716399
0.019711759
0.019683791
0.019654091
0.019629749
0.019559018
0.019494193
0.019445485
0.01943296
0.019359866
0.019353835
0.01933323
0.019258533
0.019253576
0.019252256
0.019189537
0.01916797
0.019167064
0.01913501
0.019074056
0.019062435
0.01905422
0.019021794
0.018977493
