0.02244975
0.022442732
0.022141095
0.022080997
0.021462891
0.021207744
0.02118084
0.021053884
0.020682245
0.020543812
0.020408066
0.020347852
0.020328622
0.02025438
0.020154411
0.020144405
0.020101074
0.019932004
0.01993172
0.019837508
0.019812442
0.01981086
0.019780654
0.019759148
0.019735593
0.019652722
0.019631138
0.019568544
0.019560115
0.01954654
0.01953469
0.0195193
0.019497585
0.019470202
0.019453872
0.019445177
0.019409388
0.019402666
0.019391697
0.01932499
0.019285155
0.019278012
0.019268861
0.019243008
0.01923612
0.019162158
0.019151058
0.019148415
0.01911986
0.019114051
