0.026666412
0.024393098
0.024331827
0.023382142
0.023214042
0.022634314
0.02228616
0.022118073
0.021959115
0.021626532
0.021585613
0.020991804
0.020722492
0.02062682
0.020595958
0.020359855
0.020265928
0.020090286
0.019967478
0.019948134
0.01986055
0.01980655
0.019716997
0.019699015
0.019617915
0.019573396
0.01951786
0.019481549
0.019431591
0.019252546
0.019214554
0.019177297
0.018893586
0.018633628
0.018536003
0.01851898
0.018462876
0.018394342
0.018382791
0.018344887
0.018254189
0.018077407
0.018038522
0.018015299
0.017927373
0.017895212
0.017889945
0.017886866
0.017875275
0.017856909
