0.029276812
0.026397714
0.025923021
0.024365772
0.023140097
0.02179481
0.021736542
0.021643803
0.021323621
0.021208754
0.020698378
0.020246487
0.02021024
0.020058086
0.019983923
0.019971475
0.019924432
0.019660166
0.019652613
0.019317217
0.01923362
0.019222142
0.019195992
0.01918219
0.01916997
0.019133242
0.019094238
0.01904375
0.018951697
0.018923387
0.018909039
0.018895572
0.018869221
0.018844722
0.018842664
0.018806254
0.018657174
0.018597774
0.018572904
0.018548887
0.018542051
0.018520284
0.018520141
0.018496523
0.01849502
0.018466184
0.01844192
0.018436512
0.01843602
0.018416926
