0.024418704
0.021753492
0.021628063
0.021570163
0.021405846
0.021319846
0.021210007
0.021052865
0.02097443
0.020959498
0.020852571
0.020776248
0.020699171
0.020594062
0.02057769
0.020572148
0.02031627
0.020019775
0.019985873
0.019936621
0.01988453
0.019869264
0.019866332
0.019850029
0.019791942
0.019788275
0.019719224
0.019698583
0.019678283
0.019646322
0.01960149
0.019587452
0.019577416
0.019520685
0.019485043
0.019484462
0.019417305
0.019297242
0.019260528
0.019158915
0.019112904
0.019069102
0.018995855
0.018991085
0.018946981
0.018809574
0.018358016
0.018318987
0.01829663
0.01829424
