0.02830596
0.026862705
0.024139313
0.02392512
0.022722976
0.022485357
0.022007555
0.021851365
0.021611264
0.021523718
0.021447888
0.02093195
0.02081884
0.02060384
0.020486886
0.02030918
0.02014939
0.020142803
0.020060813
0.019727036
0.019708423
0.019673904
0.019603016
0.019570598
0.019411283
0.019228254
0.019119158
0.018988043
0.018882627
0.018872218
0.018761104
0.018679397
0.018641971
0.018632464
0.0186211
0.01851289
0.018498965
0.018483857
0.018372709
0.018321
0.01825918
0.018250989
0.018242666
0.018223545
0.018186178
0.018103799
0.018096484
0.018044386
0.01799034
0.01790553
