0.032924905
0.031670213
0.030976778
0.026346127
0.023059106
0.022813534
0.022316538
0.02082214
0.020759711
0.020375088
0.020312391
0.020176692
0.0201169
0.019453922
0.019453624
0.019447923
0.01940966
0.01937041
0.019332238
0.019249456
0.019219082
0.01913228
0.019068757
0.019065898
0.018905107
0.018749407
0.018656133
0.018588647
0.018545156
0.018517494
0.018470699
0.01841829
0.018409781
0.018388664
0.018334903
0.018328447
0.018301122
0.01821149
0.018200696
0.01820069
0.018142343
0.01808767
0.018069137
0.017983813
0.01797965
0.017979013
0.017976053
0.017903185
0.017903117
0.017875936
