0.022894131
0.022613993
0.02207747
0.022074867
0.021739762
0.021621156
0.021536402
0.020939937
0.020860113
0.020814719
0.020787226
0.020713422
0.020572202
0.020559948
0.020507174
0.020452563
0.020297974
0.020005634
0.019951874
0.019930413
0.01982453
0.019794023
0.019783884
0.019731687
0.019731054
0.01971836
0.019695327
0.019521698
0.019507723
0.01950434
0.019503538
0.019465582
0.019384066
0.019314662
0.019311313
0.019308843
0.019283341
0.019232312
0.019189896
0.019165609
0.019069245
0.019042443
0.019034479
0.019018015
0.018948307
0.018915275
0.018881312
0.018744856
0.018724088
0.01869923
