0.027835365
0.025876349
0.024940286
0.024035793
0.023980206
0.022570197
0.022564698
0.021669254
0.021565394
0.02112643
0.020915924
0.020544978
0.020522382
0.02024479
0.020229813
0.020176355
0.02014225
0.020129455
0.020023525
0.0199963
0.019960469
0.019823052
0.019675206
0.019642608
0.019349217
0.01932593
0.019187784
0.01913589
0.019101275
0.019049138
0.019004317
0.018988283
0.01891755
0.018903693
0.018815227
0.018812165
0.018723797
0.018632473
0.01858352
0.018465048
0.018303908
0.017981268
0.017915769
0.017869284
0.017823843
0.017797047
0.01779512
0.017795103
0.017775737
0.017756559
