0.035575908
0.034531433
0.0338283
0.028356187
0.0277691
0.025113987
0.024222706
0.023612369
0.023580624
0.021748856
0.021019146
0.020457398
0.02021797
0.01996879
0.019957477
0.019804345
0.019753702
0.01937327
0.019344816
0.01909285
0.01880577
0.018735802
0.018669888
0.018591044
0.01840434
0.01840358
0.018402094
0.018391682
0.018310167
0.017758101
0.017752325
0.017669247
0.017599504
0.017451307
0.017421983
0.017332474
0.017317945
0.01725622
0.017047612
0.017021
0.016796239
0.01677951
0.016674986
0.016652491
0.016635126
0.016564328
0.016174585
0.016077228
0.015989328
0.015984865
