0.032363813
0.02885016
0.028645946
0.0275565
0.025213022
0.0243496
0.024242273
0.023100983
0.022179956
0.021825058
0.021799902
0.021364372
0.02109338
0.020476796
0.019933837
0.019727625
0.019539116
0.019425789
0.019415354
0.019357445
0.01933423
0.019314703
0.019093748
0.018584061
0.018513612
0.01849298
0.018449582
0.018424978
0.018333929
0.018282035
0.018165382
0.018114574
0.017976912
0.017947922
0.017917218
0.017902657
0.017863259
0.017854067
0.01776896
0.017737564
0.017732007
0.01758191
0.017511327
0.017369732
0.017340567
0.017203607
0.017199934
0.01719542
0.017166695
0.017165532
