0.029386701
0.028917275
0.028809078
0.02287549
0.02265126
0.022601672
0.02240154
0.022236258
0.02223377
0.021996481
0.021745745
0.021522678
0.021490114
0.021401845
0.021350127
0.021120477
0.020960294
0.02051217
0.019472197
0.019369815
0.019363733
0.01918695
0.018707627
0.018654779
0.0186123
0.018513655
0.018442106
0.018415948
0.018301966
0.01828778
0.018259948
0.018185897
0.018182479
0.018159084
0.018141095
0.0181123
0.018053336
0.018049287
0.018040927
0.018038759
0.018036323
0.018027376
0.018013014
0.0179651
0.01791637
0.017903468
0.01789197
0.017877998
0.017806739
0.017796619
