0.035637856
0.026331363
0.0235662
0.023136927
0.022888133
0.02234782
0.021241946
0.021142304
0.021125648
0.020502556
0.020145472
0.020097572
0.020078417
0.01998034
0.019980207
0.019509135
0.019497056
0.019470533
0.01942964
0.01932626
0.01929626
0.019144034
0.01906092
0.019008717
0.018999623
0.01897257
0.018949687
0.018937303
0.018923763
0.018921783
0.018899873
0.01889467
0.018876893
0.018861514
0.01884875
0.018847218
0.018792426
0.01878847
0.018775897
0.018771602
0.01870476
0.01868568
0.018630272
0.018615942
0.018606888
0.0186016
0.018574398
0.018537961
0.018534757
0.018500369
