0.02243815
0.022403788
0.021947077
0.021916935
0.021420438
0.020960214
0.02092919
0.020808836
0.020801855
0.020779511
0.020678785
0.020469932
0.020450449
0.020257134
0.020198697
0.020035276
0.01999108
0.019951496
0.01994484
0.019930692
0.019910144
0.01986081
0.019856771
0.019847438
0.0198384
0.019745227
0.019669395
0.019666882
0.019617412
0.019615937
0.019541033
0.019535711
0.01948706
0.019469138
0.01946376
0.019452857
0.019431211
0.01940962
0.01939865
0.019319385
0.019315585
0.0192789
0.019215224
0.019194577
0.019185504
0.019129643
0.01912341
0.019080417
0.019067202
0.018958364
