0.023494052
0.023192862
0.023111925
0.022944339
0.022681095
0.022614747
0.022309301
0.022258883
0.021775523
0.021388642
0.021195227
0.021110501
0.021034312
0.02074736
0.020671407
0.02066765
0.020664172
0.020484572
0.020428149
0.020080416
0.019762084
0.019716961
0.019693099
0.019564096
0.019495487
0.019442623
0.019310711
0.019297706
0.019278325
0.0191963
0.019131081
0.019106977
0.019080084
0.01892166
0.01890564
0.018808495
0.018798793
0.01864729
0.018583838
0.01852317
0.018476158
0.01847167
0.018459301
0.018429175
0.018421052
0.018394044
0.01837722
0.018343907
0.018306222
0.01820164
