0.02621273
0.025110975
0.024007194
0.023592496
0.022620775
0.022298522
0.022045871
0.02150452
0.021090414
0.020219486
0.020140477
0.019922806
0.019837253
0.019657502
0.019615764
0.019576786
0.019470247
0.01934709
0.019333852
0.01933375
0.01932929
0.019328358
0.019328054
0.019327862
0.019317573
0.019312808
0.019307796
0.019300284
0.019290805
0.01929055
0.019290525
0.019289702
0.01928388
0.01927612
0.019260738
0.019256335
0.019233946
0.019203078
0.019189583
0.019120788
0.019092523
0.019049
0.01904517
0.019015258
0.018970171
0.018968578
0.018957965
0.018894188
0.01880354
0.018726958
