0.023966331
0.022939608
0.022795131
0.022499481
0.022262126
0.021993184
0.021911493
0.021870637
0.021233572
0.021212678
0.020957187
0.020899896
0.02082978
0.020628622
0.02058671
0.0203442
0.020340443
0.020328023
0.02020746
0.02020721
0.020131396
0.020121953
0.020077748
0.020034777
0.01999333
0.019943845
0.019922148
0.019885503
0.019814067
0.019801818
0.019795526
0.019657532
0.019381985
0.01929159
0.018988755
0.018985027
0.018915227
0.0188637
0.018792793
0.018721439
0.018459937
0.01841181
0.018305123
0.01816602
0.018133339
0.018111922
0.017928734
0.017888775
0.017739682
0.017720772
