0.027597766
0.025548428
0.024141198
0.02216846
0.022117496
0.021808336
0.021762772
0.021753797
0.021294475
0.021149263
0.020447975
0.020397794
0.020298902
0.020284547
0.02009383
0.020087073
0.020064872
0.020009616
0.01998459
0.019908326
0.019789565
0.019568449
0.019524585
0.01945897
0.019291686
0.019286115
0.019280924
0.01927475
0.01919551
0.019193381
0.019191198
0.019175233
0.019017281
0.01899134
0.018932613
0.018809214
0.018789584
0.018783927
0.018768819
0.018744374
0.018698804
0.018685075
0.018680021
0.018646726
0.018626623
0.018556343
0.018552257
0.018542908
0.018517245
0.01850693
