0.022737658
0.022399925
0.021098537
0.020858034
0.020452548
0.02041831
0.02036017
0.020293005
0.02027698
0.02027229
0.020210315
0.020199178
0.020111164
0.020061363
0.02004257
0.020041976
0.020012388
0.020003844
0.019984722
0.01998033
0.019947346
0.019924706
0.019911066
0.019909382
0.01990488
0.019878665
0.019860422
0.019846017
0.01983149
0.019819055
0.019804824
0.019795466
0.019781623
0.019778294
0.019718494
0.019718196
0.019712431
0.019675931
0.019656366
0.019644024
0.019623611
0.01955423
0.019553443
0.019443007
0.01939401
0.01935075
0.019322407
0.01929627
0.019267118
0.01926111
