0.0301989
0.028597882
0.024855355
0.023632897
0.021315498
0.02126778
0.021195788
0.021097513
0.020689376
0.02046328
0.020344606
0.020165022
0.020116813
0.020066967
0.020008001
0.019923568
0.019908614
0.019897478
0.019704653
0.019698687
0.019530745
0.019281533
0.01927753
0.019272732
0.019250322
0.019239284
0.01921456
0.019163456
0.019131249
0.019128883
0.019094862
0.019047888
0.018978225
0.018957816
0.018870167
0.018850358
0.018773684
0.018750047
0.018715952
0.018705936
0.018705444
0.01870309
0.018631428
0.018619215
0.018615413
0.0185578
0.018469857
0.018453049
0.018438159
0.018422587
