0.021859335
0.021677842
0.021656731
0.021351172
0.02122971
0.021069698
0.021030622
0.020761853
0.020653179
0.02053445
0.0204746
0.020470193
0.020428782
0.020353103
0.020268148
0.020222481
0.02021688
0.020193286
0.02014389
0.020084167
0.019970587
0.019961635
0.019954247
0.019842956
0.019827958
0.019799238
0.01974832
0.019726973
0.019631911
0.01962917
0.019608995
0.019529482
0.019517608
0.01949724
0.019496832
0.019485071
0.019441042
0.019407472
0.019390794
0.019368773
0.01932403
0.019298378
0.019290378
0.019245273
0.019242052
0.019229438
0.019225555
0.019223457
0.019205278
0.019199656
