0.2222222222222222
0.3333333333333333
0.3333333333333333
0.4444444444444444
0.3333333333333333
0.1111111111111111
0.4444444444444444
0.1111111111111111
0.4444444444444444
0.3333333333333333
0.5555555555555556
0.3333333333333333
0.4444444444444444
0.2222222222222222
0.1111111111111111
0.8888888888888888
1.2222222222222223
0.2222222222222222
0.5555555555555556
0.3333333333333333
0.3333333333333333
0.2222222222222222
0.4444444444444444
0.5555555555555556
0.4444444444444444
0.3333333333333333
0.3333333333333333
0.4444444444444444
0.3333333333333333
0.4444444444444444
0.2222222222222222
0.4444444444444444
0.4444444444444444
0.3333333333333333
0.2222222222222222
0.2222222222222222
0.4444444444444444
0.4444444444444444
0.4444444444444444
0.3333333333333333
0.3333333333333333
0.4444444444444444
0.3333333333333333
0.3333333333333333
0.3333333333333333
0.2222222222222222
1.1111111111111112
0.3333333333333333
0.4444444444444444
0.4444444444444444
