0.025070757
0.024140628
0.02383787
0.02339523
0.02206294
0.022020267
0.022014057
0.021903744
0.021790693
0.021242986
0.02085768
0.020733386
0.02047819
0.020472577
0.020284459
0.020033328
0.019913675
0.019862209
0.019856233
0.019842887
0.019787988
0.019779533
0.019746523
0.019643556
0.019597834
0.019566607
0.019513592
0.019436017
0.019355742
0.019286517
0.019183036
0.019047115
0.01903694
0.019014953
0.019001776
0.01895019
0.018936966
0.018906917
0.018789109
0.01876529
0.018691467
0.018606385
0.018569157
0.018562833
0.01854743
0.018484809
0.018432511
0.018422412
0.018264864
0.018258084
