0.03318489
0.03165274
0.030480666
0.023983562
0.023719002
0.02339274
0.022813471
0.022582186
0.022342216
0.022292754
0.020974241
0.020721046
0.02051719
0.020137105
0.020085318
0.019976862
0.01973652
0.019638611
0.019586848
0.019577159
0.01943734
0.019263605
0.019235684
0.01911261
0.019048542
0.018963046
0.01877844
0.018722748
0.018678924
0.018645866
0.018538412
0.018407628
0.018275317
0.018007519
0.017784502
0.017653579
0.017597646
0.017576858
0.017565755
0.017550036
0.017521666
0.01751188
0.017505197
0.017436143
0.017396191
0.017333731
0.017307993
0.017268954
0.017262552
0.017216535
