0.023611547
0.02257937
0.02228862
0.0221902
0.022160934
0.022140572
0.022067722
0.021819616
0.02169343
0.021597283
0.021526238
0.021475289
0.020993995
0.020653676
0.020584738
0.020555671
0.020512832
0.020512702
0.020492835
0.020482762
0.020422937
0.020328255
0.020321013
0.020310402
0.020120274
0.020043246
0.019587649
0.019543748
0.01945011
0.019448364
0.019436365
0.019342225
0.01929599
0.019220887
0.019200226
0.019053
0.018906867
0.018652616
0.018601362
0.01852989
0.018516768
0.018361328
0.018257355
0.018093077
0.018014707
0.017841835
0.017835602
0.017796753
0.01776365
0.01776344
