0.02189246
0.021592632
0.021505559
0.021040065
0.020857036
0.020832809
0.020689312
0.020598684
0.020361979
0.020348376
0.02032126
0.020217575
0.020174174
0.020172589
0.020123681
0.020109022
0.020092305
0.020081924
0.020062014
0.020031711
0.02000541
0.019999936
0.01995873
0.019925902
0.019904954
0.019904563
0.019898776
0.019892147
0.019794697
0.01973157
0.019703522
0.019674225
0.019657522
0.019621745
0.019604616
0.019559665
0.019553507
0.019531783
0.019488713
0.01948314
0.019452196
0.019445574
0.01944532
0.019435288
0.019426597
0.019419309
0.019386789
0.019352678
0.019338902
0.019297034
