0.026801297
0.02341469
0.023091158
0.022506911
0.021758147
0.02171007
0.021254456
0.021132516
0.02110437
0.020743953
0.020596996
0.02047402
0.020433044
0.020364186
0.020244982
0.020214498
0.020064717
0.020006422
0.019803556
0.019781465
0.019718051
0.019702375
0.019681051
0.01968043
0.01962381
0.019619623
0.01959966
0.019591589
0.01944904
0.019445887
0.019352846
0.019316852
0.019188622
0.01917344
0.01916181
0.019092534
0.019035574
0.018999865
0.018972188
0.018929614
0.018913914
0.01890205
0.01882102
0.018809136
0.018758388
0.018699322
0.018651213
0.018564835
0.018543366
0.018500434
