0.022201547
0.02190673
0.021288322
0.021132912
0.020998001
0.020995397
0.02094852
0.020814827
0.020652303
0.020473825
0.02045901
0.0204394
0.02037256
0.020340022
0.02033977
0.020232279
0.020226521
0.020222345
0.020216083
0.020121552
0.020082071
0.020019054
0.019983765
0.019878702
0.019839898
0.019783497
0.019780507
0.019745272
0.01973951
0.019730655
0.019716866
0.01971466
0.019711222
0.019585658
0.01956229
0.019557914
0.019550007
0.01950539
0.019490393
0.019472366
0.019451337
0.019241506
0.019208943
0.019155132
0.019140255
0.01906031
0.019040575
0.018973054
0.018954163
0.018943135
