0.022902472
0.022093061
0.021783194
0.021273063
0.021129293
0.021074083
0.02106062
0.020824336
0.020762116
0.020666635
0.020558702
0.020540847
0.020470643
0.02043229
0.020337626
0.020265415
0.020078165
0.020056875
0.019990157
0.019971207
0.019948464
0.019945893
0.01986098
0.019840876
0.019822048
0.019711237
0.019702904
0.01970108
0.019685734
0.019662974
0.019645166
0.019587629
0.019571964
0.019516706
0.019493435
0.019444538
0.019380055
0.019349473
0.019309996
0.019300858
0.01918431
0.019176802
0.019154241
0.019142782
0.019139016
0.019129775
0.019109467
0.019100651
0.019064222
0.019045947
