0.024803793
0.024210028
0.02348146
0.023385849
0.02278905
0.022457834
0.022093138
0.02168602
0.021668766
0.021523913
0.020943549
0.020940822
0.020878168
0.020652702
0.020469101
0.020415753
0.020209678
0.020183247
0.020179616
0.019945273
0.01993558
0.01989038
0.019853804
0.019778475
0.019718068
0.019599194
0.019517498
0.019453982
0.01944055
0.019396197
0.019221429
0.01920917
0.019081922
0.01903948
0.018962968
0.018951075
0.018932868
0.018650142
0.018606672
0.018584998
0.018537007
0.018447572
0.018403394
0.018285248
0.018235844
0.018210841
0.018055888
0.017762395
0.017720258
0.017599327
