0.02142666
0.021238927
0.021169256
0.020884173
0.020660512
0.020624036
0.020474138
0.020446619
0.020336766
0.020207291
0.020202776
0.02020138
0.020103555
0.020102032
0.020084359
0.020039726
0.020038141
0.020024648
0.02001187
0.019984305
0.019927403
0.019920867
0.019908143
0.019880902
0.0198588
0.019829653
0.019822987
0.019820463
0.019806495
0.019804407
0.019789297
0.019775683
0.019760072
0.019728208
0.019722577
0.01972182
0.019712294
0.019701999
0.019668909
0.019644478
0.019626688
0.019613203
0.019600958
0.01959441
0.019591631
0.019591294
0.019587854
0.019584741
0.019573864
0.019568736
