0.026566071
0.026411083
0.025415123
0.024562607
0.024278028
0.024042184
0.023672469
0.023105707
0.02294609
0.02259546
0.021991877
0.021897446
0.02176868
0.02099364
0.0203215
0.02019493
0.020157656
0.020073451
0.019912094
0.019698216
0.019582408
0.01918329
0.019039538
0.018960884
0.018845325
0.018841475
0.018739587
0.018676072
0.018657856
0.018654015
0.01854017
0.018510949
0.01847807
0.018396728
0.01838738
0.018318286
0.01822624
0.018115055
0.018096425
0.01790408
0.017777216
0.017765399
0.01776407
0.01773874
0.01772625
0.017725568
0.017712075
0.017702017
0.01767019
0.017660324
