0.029228508
0.02722697
0.027084205
0.027033886
0.022865625
0.022636924
0.021992577
0.021259798
0.02113754
0.021115625
0.02106706
0.020682124
0.02063036
0.020472182
0.020369846
0.020296467
0.02020313
0.020150127
0.020111252
0.019981505
0.019800514
0.019601885
0.019408947
0.019376315
0.019103443
0.019070925
0.019009432
0.01886614
0.018852204
0.01859379
0.018572101
0.018543879
0.0185322
0.01851655
0.018394083
0.018301241
0.01825784
0.018239567
0.018213991
0.018211845
0.0181962
0.018190954
0.01805094
0.01801274
0.0178827
0.017818842
0.017767668
0.01772082
0.017682869
0.017663639
