0.030845642
0.025474368
0.023759296
0.02319886
0.022720806
0.021857373
0.021813253
0.021734614
0.021498397
0.02136584
0.020771865
0.020722907
0.020387676
0.020314515
0.020253202
0.020079572
0.020010876
0.019931387
0.019877283
0.019697756
0.019645194
0.019584391
0.01957839
0.019508304
0.019402014
0.019336464
0.019297846
0.019276874
0.019144507
0.019142313
0.019132877
0.018998962
0.01899131
0.018857218
0.018819388
0.018733192
0.018633846
0.01862473
0.018570704
0.018531473
0.018498138
0.01849471
0.018269341
0.01822925
0.018133039
0.018130202
0.018100984
0.018054131
0.01802436
0.017940376
