0.029026503
0.027789164
0.02629302
0.025778344
0.023198824
0.022708137
0.02215519
0.022043228
0.021559617
0.02106351
0.02086791
0.020745771
0.020709379
0.020692814
0.020306395
0.019943483
0.019828878
0.019670727
0.019613227
0.019593274
0.01949104
0.019414784
0.019368496
0.019340433
0.01925077
0.019236306
0.019182147
0.018961186
0.018865064
0.018833708
0.01880353
0.01873758
0.018693822
0.018564405
0.018542305
0.018529778
0.018498773
0.018389227
0.018299583
0.018237444
0.018175175
0.018057033
0.018015545
0.0179942
0.017951222
0.017864421
0.017844899
0.01778012
0.017762503
0.017727142
