0.02185804
0.021576764
0.02131246
0.020993998
0.020935973
0.020827044
0.020767774
0.020729335
0.020652842
0.020540955
0.020534992
0.02053439
0.020238636
0.020135256
0.020123452
0.02011053
0.019998683
0.019987645
0.01989684
0.019896256
0.019886522
0.019868737
0.019813653
0.019741258
0.019707978
0.019683592
0.01968275
0.019659052
0.019655623
0.019633608
0.019630605
0.019618109
0.019613707
0.01960176
0.019601028
0.019599691
0.019578535
0.019573176
0.019552212
0.019551601
0.01953841
0.019536063
0.019532327
0.019528523
0.01952165
0.019509243
0.019507544
0.019490274
0.01946957
0.019461272
