0.03195621
0.028340178
0.025642157
0.024873538
0.02460767
0.023501638
0.022705063
0.02268974
0.022157555
0.021737663
0.021257903
0.021152612
0.0209325
0.020915825
0.020617435
0.020598577
0.020432323
0.02037186
0.020333458
0.020046841
0.019814625
0.019555036
0.01947422
0.019230578
0.019148959
0.01875815
0.018705824
0.018554317
0.018539734
0.018538604
0.018348584
0.018337743
0.018241799
0.018102122
0.017978642
0.017917024
0.017909795
0.017785605
0.017729143
0.017723888
0.017588623
0.017557615
0.017547915
0.017519316
0.017475292
0.017468274
0.017425949
0.017424045
0.017371971
0.017355876
