0.02259355
0.022108732
0.021385245
0.021159649
0.021139886
0.021023544
0.020936422
0.020871611
0.020776212
0.02037601
0.020361468
0.02035722
0.020336535
0.020212462
0.020183735
0.019864803
0.019851929
0.019850872
0.019842865
0.019837754
0.019789372
0.019767346
0.019767197
0.019759761
0.01974077
0.019720135
0.01971052
0.01971052
0.019706968
0.019695917
0.019677054
0.019656682
0.01959871
0.019583102
0.019553196
0.019548787
0.019532153
0.019522293
0.019520776
0.019515835
0.019499727
0.019464951
0.019461695
0.019435138
0.019426696
0.019379504
0.01931062
0.019298662
0.019292895
0.019282458
