0.6666666666666666
0.7333333333333333
0.6666666666666666
0.6666666666666666
0.7333333333333333
0.6
0.7333333333333333
0.8
0.6666666666666666
0.6666666666666666
0.6666666666666666
0.7333333333333333
0.8
0.7333333333333333
0.6
0.6666666666666666
0.6666666666666666
0.7333333333333333
0.6666666666666666
0.6666666666666666
0.7333333333333333
0.6666666666666666
0.6666666666666666
0.7333333333333333
0.6666666666666666
0.7333333333333333
0.6666666666666666
0.8
0.7333333333333333
0.6
0.7333333333333333
0.6666666666666666
0.6666666666666666
0.6666666666666666
0.6666666666666666
0.8
0.7333333333333333
0.6666666666666666
0.7333333333333333
0.7333333333333333
0.8
0.8
0.7333333333333333
0.7333333333333333
0.8
0.7333333333333333
0.8666666666666667
0.8
0.7333333333333333
0.8666666666666667
