0.02596523
0.025036193
0.024724789
0.024136469
0.02406277
0.02323627
0.022770647
0.022593776
0.022251401
0.021997746
0.021405503
0.021404523
0.021230422
0.021102414
0.02074138
0.020695286
0.020490682
0.020433541
0.020423003
0.019946206
0.019896617
0.019754475
0.0197351
0.019639451
0.019559179
0.01946938
0.01935415
0.019239098
0.019162202
0.019159803
0.018924888
0.018788725
0.01868212
0.018541975
0.018444045
0.018336935
0.018305186
0.01829184
0.018276168
0.018226018
0.01817253
0.018114762
0.017936511
0.01763434
0.01742831
0.017343113
0.017249795
0.017248591
0.01724551
0.017190961
