0.022654125
0.022460565
0.022251766
0.021832243
0.021747483
0.021638807
0.021386784
0.021000091
0.020903038
0.020809103
0.020738864
0.020681731
0.020654893
0.020634921
0.020370632
0.02025338
0.02017916
0.020170962
0.020080687
0.020052005
0.019944835
0.019928262
0.019843467
0.019836284
0.01982489
0.019766798
0.019684108
0.0196373
0.019524049
0.019467304
0.019454166
0.019441552
0.019370327
0.01934323
0.01927545
0.01927058
0.019157529
0.019152846
0.019098092
0.019081073
0.01907964
0.019064961
0.01901839
0.019011129
0.018999655
0.018947888
0.018923447
0.018800352
0.018796518
0.018754724
