0.022571245
0.02192307
0.021452531
0.021441545
0.021136876
0.020724753
0.020712145
0.02065966
0.020618442
0.020360732
0.020295087
0.02025509
0.020240035
0.02018581
0.019945826
0.019906415
0.019890185
0.01988656
0.019867208
0.019858923
0.019841125
0.019823875
0.019816086
0.019777413
0.019759702
0.019711422
0.01966866
0.01964478
0.019636407
0.019623874
0.019622391
0.019618858
0.019612735
0.019603029
0.019593654
0.019584924
0.019579738
0.019571856
0.019571455
0.019553049
0.01954972
0.019532142
0.019530749
0.01950685
0.019504698
0.019501705
0.01946627
0.019449238
0.01941144
0.019399967
