0.03679949
0.035217527
0.033836596
0.028343588
0.024543064
0.023726614
0.023311397
0.023172608
0.022427578
0.02104967
0.021002658
0.020552285
0.019911138
0.01984184
0.019626115
0.019510278
0.019332325
0.019317169
0.019109612
0.01902047
0.01901714
0.018730417
0.018489208
0.018308435
0.018240927
0.018136442
0.018062338
0.018058488
0.018055292
0.017985418
0.01794891
0.017922001
0.017698588
0.017576607
0.017509015
0.01749874
0.017429767
0.01741988
0.017388763
0.017333873
0.017310426
0.017293291
0.017235829
0.017228873
0.017181281
0.017096745
0.017069792
0.017048102
0.017037813
0.017035615
