0.036664885
0.03470546
0.03310948
0.026551709
0.026354237
0.023872182
0.021505693
0.02109383
0.021092542
0.020724311
0.020684727
0.0202707
0.020124476
0.019933684
0.019840395
0.019767808
0.019471705
0.01942393
0.019255443
0.018880898
0.018861096
0.01883982
0.018811058
0.01880204
0.018769812
0.018493399
0.018476827
0.018466942
0.018444654
0.018389778
0.018275917
0.01823108
0.018164597
0.018079579
0.018053737
0.018001795
0.017572029
0.017523514
0.017450394
0.017438835
0.01727381
0.017259745
0.017238976
0.017230146
0.017148491
0.017105777
0.017098777
0.017074673
0.017073656
0.01702099
