0.025464503
0.023342695
0.023324076
0.0226301
0.022617856
0.022312125
0.022210846
0.02212681
0.021603353
0.021250164
0.02112407
0.021075541
0.020925662
0.020793702
0.020774482
0.02048299
0.02046478
0.020110458
0.020072287
0.020055015
0.019979123
0.019976389
0.019908633
0.01990712
0.01972102
0.019620903
0.019529771
0.019465191
0.019383106
0.019325146
0.019282212
0.019028313
0.018907733
0.01887395
0.018794479
0.018734133
0.018543834
0.018530544
0.018528337
0.01844388
0.018430214
0.018421762
0.018382778
0.018382408
0.018371506
0.018369395
0.018218879
0.01809954
0.018050412
0.018027792
