0.032603793
0.029946871
0.029366374
0.026057165
0.025891004
0.024101265
0.024077134
0.022894943
0.022888826
0.02267527
0.022632344
0.021795614
0.021621639
0.020960992
0.020291205
0.019990854
0.0199793
0.019840844
0.019800596
0.01964523
0.019272689
0.018962277
0.0186633
0.018637076
0.018561212
0.018391917
0.018315684
0.018138811
0.018102152
0.018069556
0.017944582
0.017909825
0.017857336
0.017817289
0.017612826
0.017595692
0.017478805
0.017435037
0.017430834
0.017398974
0.017352426
0.017317459
0.017309444
0.017211223
0.017184813
0.017072715
0.017009147
0.016984344
0.016982922
0.016918445
