0.03368573
0.027025042
0.02585886
0.024633244
0.023460269
0.02340574
0.023399476
0.021702716
0.021450238
0.020778952
0.020726701
0.020726273
0.020543074
0.020403074
0.02035481
0.020270927
0.020201534
0.019686434
0.019681292
0.019674279
0.019484196
0.019475074
0.01938597
0.01894221
0.018876791
0.018859416
0.018842518
0.018787157
0.01865196
0.018627819
0.018537873
0.018465558
0.018464342
0.018401224
0.01829155
0.018236091
0.018228589
0.018130936
0.018104114
0.018095236
0.018085958
0.018042525
0.018023547
0.01801317
0.018002406
0.017871013
0.01786178
0.017851874
0.017849768
0.01784069
