0.03865324
0.02740638
0.023150029
0.02248635
0.021878367
0.02177923
0.02154497
0.020871136
0.020622645
0.020451104
0.020399902
0.020248793
0.020214306
0.020205261
0.019983627
0.019790526
0.019780394
0.019518496
0.019439843
0.01942378
0.019374361
0.0192158
0.019188099
0.01907127
0.019069517
0.019007603
0.018955667
0.018915959
0.018893048
0.018881902
0.018879421
0.018834801
0.018759718
0.018727185
0.01864213
0.018632472
0.018572995
0.018572096
0.01856692
0.01856104
0.018556979
0.018556215
0.018506218
0.01850546
0.018498063
0.018497048
0.01844476
0.01843242
0.018425444
0.018406946
