0.025370263
0.025160238
0.024934463
0.023224939
0.0221729
0.021378366
0.021017283
0.021005698
0.02099638
0.02094472
0.020899933
0.02073027
0.020440698
0.02042841
0.020418165
0.020284401
0.020264871
0.019964423
0.019808875
0.01980359
0.019762632
0.019757766
0.019729514
0.019606281
0.01952492
0.019519428
0.019491266
0.019444935
0.019401068
0.019391667
0.019368336
0.01935943
0.019257365
0.019185804
0.019167462
0.019163618
0.01912994
0.019065494
0.019007688
0.018982083
0.018948834
0.018842814
0.018802708
0.018325066
0.018313095
0.01826429
0.018176144
0.018028751
0.017871274
0.017861476
