0.022169411
0.022093812
0.021622835
0.021610862
0.021301206
0.02119342
0.021174002
0.02112257
0.020655261
0.020648483
0.020609245
0.020603696
0.020557739
0.020291813
0.0202328
0.02017905
0.020175437
0.020115081
0.020090846
0.019925319
0.019884618
0.019877343
0.019834295
0.019825999
0.019782133
0.019740675
0.019722154
0.01969919
0.019693537
0.019641088
0.019601647
0.01959346
0.019589186
0.019553365
0.019505117
0.019422676
0.019406537
0.01940346
0.019333964
0.019300189
0.019270683
0.01920104
0.019194432
0.019153005
0.019129539
0.019104157
0.019104028
0.019032117
0.019028556
0.018998884
