0.034080885
0.031078408
0.027897645
0.027788213
0.022103071
0.020616628
0.020536652
0.020483209
0.020465372
0.020331869
0.020107638
0.01985045
0.01968098
0.01967996
0.019624457
0.019492531
0.019478781
0.019472204
0.019402979
0.019387994
0.019361954
0.019286389
0.019055767
0.018988792
0.01884158
0.018805234
0.018757485
0.018756555
0.018743515
0.018735137
0.01873001
0.01862305
0.018614512
0.018576073
0.018568544
0.018525895
0.018505517
0.018481586
0.018481402
0.01848064
0.018438779
0.018414602
0.018413693
0.018387172
0.018382834
0.01836773
0.018341897
0.018272903
0.018260926
0.01823998
