0.038673267
0.03371466
0.03168537
0.029716454
0.028789142
0.026900684
0.024085669
0.022239408
0.022120735
0.021567577
0.020216906
0.020160139
0.02011961
0.019787058
0.0197447
0.019726293
0.019434871
0.019337136
0.019224456
0.01921357
0.018900553
0.018800503
0.018684672
0.0186481
0.018491538
0.018359583
0.01822784
0.018058809
0.018052557
0.017876703
0.017864242
0.017863879
0.017802052
0.017322963
0.017293217
0.017211769
0.0171446
0.017046826
0.017038824
0.017013952
0.016949328
0.016848957
0.016790431
0.01673029
0.016727636
0.016597794
0.016478492
0.01629284
0.016229901
0.016193442
