0.030784963
0.02706254
0.024747532
0.023364099
0.022694126
0.022388974
0.021717098
0.0217163
0.021677526
0.02165539
0.021525687
0.021360567
0.020932391
0.0206831
0.020682907
0.020198343
0.020021234
0.01999638
0.019986168
0.01976946
0.019470567
0.019452395
0.019342752
0.019246131
0.019221544
0.019132394
0.018912222
0.018896198
0.01885635
0.018747851
0.018707043
0.018694142
0.018645292
0.018608285
0.018601673
0.018580344
0.018576846
0.018494992
0.018426804
0.018339947
0.018333172
0.018306421
0.018274406
0.018203337
0.01816017
0.01806581
0.01792484
0.017735168
0.017613793
0.01746444
