0.021886248
0.02187779
0.021548778
0.021423968
0.021399837
0.021379229
0.021115165
0.020929022
0.020886661
0.020832619
0.020756716
0.02074951
0.02060427
0.020464212
0.020416353
0.02024435
0.020238081
0.020235522
0.020235332
0.02021876
0.020176476
0.020165078
0.020086724
0.019950617
0.01988364
0.019868864
0.019805549
0.019713322
0.019696277
0.019652514
0.019647952
0.01953825
0.019442165
0.01942395
0.019411867
0.019240795
0.019240016
0.019233026
0.01921794
0.01921235
0.019092606
0.019066976
0.01904362
0.019027438
0.018978627
0.018970236
0.018959548
0.018956704
0.018939007
0.018915424
