0.02456907
0.023926117
0.02375221
0.0233705
0.02274504
0.021607826
0.021444185
0.021222075
0.0211734
0.020859897
0.02061848
0.020469017
0.020353999
0.020269142
0.020098597
0.01995761
0.019828394
0.019803697
0.019786937
0.019769836
0.019726893
0.019591648
0.019586697
0.019564794
0.019515248
0.019513778
0.019511208
0.019487066
0.01947524
0.019447079
0.019430097
0.019283539
0.019203583
0.01913485
0.019124791
0.01909995
0.019095378
0.01904626
0.018985042
0.018937992
0.01888773
0.018868394
0.018860573
0.018817388
0.018763091
0.018759374
0.018735062
0.018657053
0.018653518
0.018610675
