0.03509008
0.031131577
0.030672725
0.029487347
0.028284883
0.025050772
0.024901683
0.023869438
0.023523103
0.023234421
0.022691313
0.02123122
0.02070187
0.020678064
0.020423159
0.020422941
0.020273775
0.020052752
0.019874075
0.01917456
0.019162942
0.018879684
0.018592924
0.01845529
0.01822961
0.018145751
0.018016905
0.017874625
0.017856106
0.017802777
0.017730314
0.017540943
0.017489769
0.017378638
0.017343806
0.017318938
0.017220212
0.01708397
0.016890379
0.016762512
0.016577406
0.016475411
0.016457124
0.016427357
0.016384868
0.016353337
0.01623678
0.016194476
0.01617778
0.016169645
