0.029481236
0.029023742
0.027026316
0.026971225
0.026425617
0.025375476
0.02449981
0.024258912
0.022525523
0.022415342
0.021609424
0.021203618
0.02054011
0.020035462
0.019962357
0.01972502
0.019644907
0.019628016
0.019538624
0.019320028
0.019273967
0.019134106
0.01908609
0.01901083
0.01869753
0.018679578
0.01864402
0.018585468
0.018499909
0.018478421
0.018453132
0.018380446
0.018365975
0.018333351
0.018171603
0.018111788
0.017913422
0.017563565
0.017555868
0.01747521
0.017463442
0.017430404
0.017408703
0.01733319
0.017218832
0.01718942
0.017186133
0.017087957
0.017082563
0.016974391
