0.038291153
0.027743628
0.026243014
0.025681967
0.02374594
0.023514807
0.022339603
0.021590881
0.021522233
0.02114053
0.020835958
0.020691033
0.020526601
0.020410948
0.020212261
0.020133933
0.019985277
0.01973474
0.019639598
0.019602858
0.019355899
0.019298054
0.019204646
0.019153198
0.01914801
0.018865285
0.018838096
0.018725026
0.018507605
0.018495644
0.018455429
0.018361097
0.018173203
0.018155804
0.018101344
0.01805997
0.018020416
0.018016905
0.017969843
0.017927658
0.017895361
0.01789008
0.017851071
0.017842054
0.017517572
0.017498797
0.017452383
0.017264238
0.017203001
0.017165354
