0.030050937
0.026009696
0.024448482
0.023830095
0.022564156
0.021715315
0.021437624
0.021253422
0.021225698
0.021029232
0.020877156
0.020795127
0.02064058
0.02060972
0.02044642
0.020427864
0.020075776
0.019873846
0.019733692
0.019715114
0.019436456
0.019414412
0.019403765
0.019369038
0.019364463
0.019359423
0.019327337
0.019308308
0.019271273
0.019249873
0.019110512
0.018960353
0.018912982
0.018804247
0.018795008
0.018600076
0.018585205
0.018554127
0.018519433
0.018490108
0.018447619
0.018441498
0.018346965
0.018274732
0.018235816
0.018224895
0.018199492
0.018112903
0.01807921
0.018040514
