6.0
9.333333333333334
9.333333333333334
9.333333333333334
6.0
6.0
6.0
6.0
6.0
6.0
6.0
6.0
6.0
9.333333333333334
6.0
6.0
9.333333333333334
6.0
9.333333333333334
8.0
9.333333333333334
6.0
6.0
5.666666666666667
9.333333333333334
9.333333333333334
10.0
8.0
9.333333333333334
8.0
9.333333333333334
9.333333333333334
5.333333333333333
9.333333333333334
9.333333333333334
9.333333333333334
9.333333333333334
9.333333333333334
9.333333333333334
9.333333333333334
9.333333333333334
9.333333333333334
9.333333333333334
9.333333333333334
10.0
9.333333333333334
9.333333333333334
6.0
6.0
9.333333333333334
