0.03157404
0.02982618
0.029235646
0.028428087
0.026605053
0.02638624
0.025660243
0.025369145
0.02488657
0.024091937
0.023808
0.023760643
0.023256376
0.02094795
0.020778166
0.02042372
0.020356555
0.020293523
0.019414468
0.019229744
0.018858949
0.018602872
0.018465178
0.0181956
0.018189065
0.017972633
0.017806483
0.017772947
0.017661769
0.017501345
0.017492939
0.017384388
0.01735209
0.017329112
0.01700906
0.017001249
0.016934585
0.016918944
0.016906815
0.016746482
0.016620504
0.016503798
0.016503343
0.016425535
0.016419956
0.01634596
0.016252132
0.016231768
0.016155327
0.016106863
