0.027848601
0.026278183
0.025792
0.023685826
0.023569858
0.022713305
0.022303987
0.021767262
0.02176683
0.021619553
0.02100713
0.020849029
0.020722406
0.02054391
0.020469906
0.020407123
0.020382429
0.020151
0.020099808
0.019780563
0.019736793
0.019730465
0.019696439
0.019683808
0.01955852
0.019180946
0.019147484
0.019142192
0.019002464
0.018932242
0.018813523
0.01874735
0.018704724
0.018663887
0.018649518
0.018642187
0.01863915
0.01859986
0.018574463
0.01812815
0.01811075
0.018043453
0.017923823
0.01783242
0.01781503
0.017762939
0.017723823
0.017715521
0.017671907
0.017667465
