0.027538406
0.026864367
0.024958292
0.023842454
0.022384882
0.022319388
0.02176396
0.021533282
0.021529002
0.021202099
0.02116163
0.020986356
0.020851212
0.020633247
0.020623323
0.020403164
0.020303885
0.020163171
0.020093173
0.019824652
0.019665232
0.019514084
0.019276327
0.019264422
0.019185128
0.019147936
0.01912462
0.019110192
0.01905616
0.01903269
0.018986044
0.018939005
0.018903544
0.018827787
0.01881504
0.018769173
0.01858635
0.018570075
0.018461226
0.01841702
0.018409606
0.018390423
0.018311404
0.018261684
0.018140787
0.018071052
0.01803273
0.017959783
0.017929008
0.017861577
