0.049491003
0.029913964
0.02898915
0.02602397
0.025243722
0.024997901
0.02420775
0.022560589
0.021985607
0.021964055
0.02178956
0.021778308
0.021412594
0.021295546
0.020913297
0.020662377
0.020467103
0.020335296
0.019805131
0.019661907
0.019146726
0.019050619
0.018763486
0.018695729
0.018464675
0.018373614
0.01834832
0.018009542
0.017863125
0.017715784
0.017710207
0.017611701
0.017605681
0.017399192
0.016816523
0.01673547
0.016721655
0.016700353
0.01661361
0.016604196
0.016529754
0.016455313
0.016346904
0.01628804
0.016200082
0.016124655
0.015975898
0.015969615
0.0158397
0.01582098
