0.038167745
0.030435493
0.029600777
0.028517412
0.02711182
0.024167642
0.022793772
0.022336887
0.022077156
0.021629144
0.021197705
0.021152267
0.020990388
0.020837564
0.02080453
0.020266397
0.020130308
0.020126728
0.019914541
0.019401377
0.019387089
0.019045621
0.018694323
0.018635692
0.018434823
0.018410979
0.018224392
0.018172555
0.018032912
0.018032135
0.01794043
0.017910501
0.017908499
0.017863633
0.017770538
0.017646486
0.017519606
0.017502593
0.01736607
0.01736143
0.01690161
0.016826313
0.016788822
0.016699929
0.016675767
0.01664625
0.016629549
0.016553119
0.01640575
0.016352942
