0.027808506
0.024699701
0.024032993
0.023061475
0.022786709
0.022689566
0.022310667
0.02226553
0.02218382
0.022075906
0.021665215
0.021486614
0.020897996
0.020751797
0.020741941
0.020642774
0.020584488
0.020499095
0.020455202
0.020120032
0.01994015
0.019885652
0.019595284
0.01951338
0.019473962
0.01940001
0.019009672
0.018970069
0.01889517
0.018879818
0.018763987
0.018733395
0.018686078
0.018503854
0.018475335
0.018457478
0.01839315
0.018315447
0.018242164
0.01814074
0.018119806
0.018095948
0.018071733
0.018044302
0.017977843
0.017959293
0.017939124
0.017924821
0.017919587
0.017912664
