0.03020871
0.029094383
0.028316822
0.024783408
0.024177158
0.023934728
0.023769181
0.022656677
0.022202242
0.02187756
0.021624602
0.02149849
0.020898892
0.020623362
0.020460684
0.020348784
0.020177847
0.020038158
0.019941596
0.019904628
0.019616952
0.019585734
0.01929243
0.019165417
0.01898655
0.018935788
0.018783616
0.018731441
0.01868701
0.018576419
0.018545574
0.018527474
0.018370869
0.018215306
0.018136846
0.01793045
0.017866427
0.017811013
0.017770005
0.017563652
0.01753194
0.01744508
0.017302696
0.01726992
0.017217929
0.017190391
0.017161129
0.017095407
0.01708361
0.017064963
