0.025022782
0.022516422
0.021823721
0.02176568
0.021625837
0.021413893
0.021354605
0.021338932
0.02110823
0.021104107
0.02084474
0.020485695
0.020437203
0.020423425
0.020232916
0.020141056
0.02012156
0.020037185
0.020004394
0.019982576
0.019830503
0.019739555
0.019733531
0.019728165
0.0196834
0.01961554
0.01959695
0.01951221
0.019478006
0.019447887
0.019386347
0.01937452
0.019256616
0.01924798
0.019223528
0.019199973
0.019168274
0.019155828
0.019141968
0.019120878
0.019092578
0.019033598
0.019029962
0.019025663
0.01900618
0.018953895
0.018872945
0.018859496
0.018859237
0.018839864
