0.029641794
0.02639594
0.025686879
0.024836853
0.024349874
0.0231757
0.023095673
0.022968628
0.022931341
0.022510145
0.022255322
0.022068417
0.022019839
0.021071011
0.02042717
0.019990824
0.019951278
0.019595785
0.019279264
0.019270081
0.019223258
0.019213075
0.019104116
0.019050378
0.018973673
0.018950934
0.018940618
0.018820124
0.018743549
0.018618483
0.01840725
0.018374652
0.018324416
0.018222157
0.018219808
0.018209627
0.018122703
0.018099051
0.01805787
0.018016523
0.017897801
0.017828599
0.017822674
0.017798675
0.017794473
0.017746452
0.017736806
0.01747219
0.017389793
0.017298423
