0.022765843
0.02237769
0.02124266
0.021030203
0.020909749
0.020661987
0.02052753
0.02040841
0.020383747
0.020370226
0.020351466
0.020297434
0.020251814
0.020205539
0.0201888
0.020152524
0.020137506
0.020072265
0.020046897
0.020026194
0.019983573
0.01987455
0.019840758
0.019836573
0.019741667
0.019734483
0.019725353
0.019725341
0.019666618
0.019665057
0.019630948
0.01962322
0.019609217
0.019602453
0.019590113
0.019583918
0.019578686
0.019549198
0.019543266
0.019515378
0.019498313
0.019473016
0.01946232
0.019398255
0.019388858
0.019375348
0.01937237
0.019367537
0.019320479
0.01931469
