0.9230769230769231
1.4615384615384615
1.5384615384615385
1.3076923076923077
1.1538461538461537
1.6153846153846154
1.3846153846153846
1.4615384615384615
1.6923076923076923
1.0
1.4615384615384615
1.4615384615384615
1.5384615384615385
1.4615384615384615
1.4615384615384615
1.5384615384615385
1.5384615384615385
1.5384615384615385
1.5384615384615385
1.4615384615384615
1.4615384615384615
1.4615384615384615
1.4615384615384615
1.4615384615384615
1.5384615384615385
1.5384615384615385
1.4615384615384615
1.4615384615384615
1.6153846153846154
1.5384615384615385
1.4615384615384615
1.5384615384615385
1.5384615384615385
1.4615384615384615
1.3846153846153846
1.5384615384615385
1.5384615384615385
1.4615384615384615
1.4615384615384615
1.5384615384615385
1.4615384615384615
1.6153846153846154
1.5384615384615385
0.9230769230769231
1.5384615384615385
1.3846153846153846
1.4615384615384615
1.4615384615384615
1.5384615384615385
1.5384615384615385
