0.022161545
0.02194585
0.021778772
0.021374227
0.021026578
0.020938661
0.020864323
0.020765109
0.020736622
0.020643188
0.020527316
0.020520037
0.020496955
0.020219194
0.020116359
0.020078553
0.020043302
0.020034159
0.019944169
0.019927815
0.019903982
0.019853707
0.019823464
0.019786766
0.019741582
0.019659152
0.019655539
0.019631963
0.0195796
0.01957601
0.019573968
0.019569838
0.019560246
0.01955699
0.019542359
0.019524569
0.01947983
0.01944934
0.019444317
0.019437918
0.019435138
0.019425489
0.01942347
0.019350255
0.019331556
0.019322868
0.01930967
0.019304032
0.01930259
0.019301102
