0.0302519
0.024673758
0.024640445
0.024503551
0.0241518
0.023999978
0.022853492
0.022077523
0.022019107
0.0219815
0.021794468
0.021225864
0.02118602
0.020637497
0.020572463
0.02035895
0.020205144
0.020076431
0.019892499
0.01978634
0.019740542
0.019684035
0.019575272
0.019375302
0.019327937
0.01919102
0.019170884
0.01897077
0.018970458
0.018898359
0.018837051
0.018725099
0.018590089
0.018529471
0.018502647
0.018298777
0.018287119
0.018178055
0.018101053
0.018078573
0.01796813
0.017857382
0.01769824
0.017647326
0.017642057
0.017613277
0.017574478
0.01750868
0.01732717
0.017242027
