0.023878824
0.022628138
0.022256576
0.022011833
0.021902375
0.021819614
0.021585945
0.021325372
0.02125994
0.02116711
0.021092702
0.02092683
0.020764062
0.020524114
0.020279868
0.02015909
0.020061284
0.020010382
0.02000712
0.019908754
0.019809857
0.01979942
0.019784266
0.019723846
0.019638121
0.019615555
0.019600151
0.019512458
0.019440336
0.019414254
0.019414147
0.019413251
0.019396497
0.01929591
0.019253584
0.019192718
0.019171244
0.019158956
0.019153688
0.019148415
0.01911476
0.018978663
0.018955942
0.018916534
0.018706247
0.018695047
0.01860634
0.018553006
0.018489929
0.01847695
