0.036078755
0.030252626
0.028227719
0.027419815
0.02629238
0.025890438
0.022625405
0.02184323
0.021313978
0.020705445
0.020673854
0.020358039
0.020245794
0.019990148
0.019952182
0.019913854
0.019814828
0.019535474
0.019451004
0.01921191
0.019132009
0.019120784
0.019020222
0.01888385
0.018706044
0.018597556
0.018575853
0.018556016
0.01847944
0.01835518
0.018014807
0.017990889
0.017987527
0.017972039
0.017925518
0.017907608
0.017864762
0.017845243
0.017834567
0.017717324
0.017703006
0.017582906
0.01754744
0.01733621
0.017327748
0.017324308
0.017313488
0.01721599
0.017197996
0.01716684
