0.027893912
0.026175376
0.023558943
0.023523152
0.022629974
0.022483854
0.022421857
0.022019457
0.021911884
0.021563213
0.021477144
0.020797081
0.020743715
0.020737069
0.020545539
0.020464772
0.020313777
0.020189684
0.02017171
0.019869342
0.019754587
0.019693896
0.019500969
0.019418232
0.019324923
0.019134942
0.019114662
0.019102043
0.019086294
0.01903271
0.018943107
0.018942982
0.018929848
0.018890262
0.01888332
0.018812438
0.018559843
0.018501084
0.018372644
0.018335793
0.01821338
0.018212914
0.018087909
0.018076606
0.018063089
0.017936885
0.01790036
0.017898735
0.017894821
0.017889204
