0.023794323
0.023671081
0.023302628
0.023279391
0.022496006
0.022307584
0.022025496
0.021985026
0.021811906
0.021709189
0.021364015
0.021126192
0.020626472
0.020489672
0.020474052
0.020370265
0.020351307
0.020056097
0.020054216
0.020016275
0.019992962
0.019900465
0.019630551
0.01959437
0.019537183
0.019378487
0.019308439
0.019254237
0.019224972
0.01907638
0.019065015
0.019050602
0.01902908
0.019003764
0.018945519
0.018754117
0.018738259
0.01868294
0.018672593
0.01866641
0.01865677
0.018584125
0.01855707
0.018554255
0.018528536
0.018508146
0.01850792
0.01845427
0.018433457
0.018397896
