0.027394792
0.027388532
0.024341108
0.023867419
0.023386367
0.023179024
0.02276289
0.022303017
0.02211436
0.021838661
0.021756466
0.021602726
0.021373482
0.020928364
0.020867921
0.020742586
0.020714283
0.020713635
0.020545917
0.020433316
0.019991808
0.019798279
0.019513067
0.019214941
0.019192882
0.019102769
0.019005075
0.01898123
0.018879201
0.018816268
0.018786443
0.018527083
0.018467862
0.018396476
0.018336467
0.018314289
0.018270483
0.01825642
0.018150575
0.018023686
0.017934782
0.017764812
0.017741049
0.017715456
0.01761538
0.01746118
0.017429316
0.017371504
0.017352207
0.017334161
