0.03743785
0.028706847
0.025553979
0.024121735
0.024022726
0.023172975
0.022948798
0.022049773
0.021993069
0.021457797
0.02117675
0.02109733
0.02089662
0.020707987
0.020700319
0.020661196
0.020331312
0.01968437
0.019682173
0.01964908
0.019349199
0.019104132
0.018868769
0.018754408
0.018655919
0.018603887
0.01854666
0.018379107
0.018359331
0.0183108
0.018303083
0.01817661
0.018151935
0.018127492
0.018047545
0.018004535
0.017970242
0.017966436
0.017898541
0.017898155
0.0178764
0.017858446
0.017849924
0.017836973
0.017632287
0.017595777
0.017593335
0.017418861
0.01740594
0.017402539
