0.026113398
0.024887051
0.023205362
0.02234042
0.022249
0.022195555
0.021663252
0.021242758
0.02116267
0.020863129
0.020745795
0.020276926
0.020245166
0.020089295
0.020006284
0.019923601
0.019917395
0.01989648
0.019889902
0.01985155
0.019763282
0.019763252
0.019665048
0.019614736
0.019497344
0.019496886
0.019424226
0.019406712
0.01937255
0.019364353
0.019310523
0.019178456
0.019169392
0.019127365
0.019074691
0.019066036
0.019021677
0.01900377
0.019000307
0.0189701
0.018889548
0.018881068
0.01878231
0.018721433
0.018667884
0.018654956
0.0186284
0.018593613
0.018583607
0.0185415
