0.044991165
0.024334246
0.024266765
0.022359492
0.022278657
0.021672186
0.02164071
0.021427868
0.02126487
0.020367952
0.0201505
0.020032085
0.019912615
0.019860765
0.019853428
0.019615706
0.019548124
0.019341696
0.019233126
0.019203704
0.019133506
0.018985651
0.018974615
0.018952137
0.01894449
0.018936493
0.01884844
0.018831037
0.018829001
0.018816479
0.018765792
0.018759584
0.018697107
0.018606912
0.018604174
0.01857228
0.01850126
0.018486835
0.018478103
0.018452285
0.018451137
0.018418442
0.01841842
0.018411396
0.018392362
0.018365012
0.018267743
0.01826367
0.018246552
0.01823345
