0.024582602
0.024023414
0.022315519
0.02223893
0.022088407
0.02204165
0.021647759
0.021327164
0.02106255
0.020962782
0.020684035
0.020574605
0.02028676
0.020160655
0.020123264
0.020012887
0.019922365
0.019916203
0.019909002
0.019784797
0.01975803
0.019736035
0.019728307
0.019710068
0.019620284
0.019619478
0.019615348
0.019584674
0.019524744
0.019488221
0.019456998
0.019367434
0.019302612
0.019257123
0.01924653
0.0192382
0.01920101
0.019147778
0.019117782
0.01910273
0.019090354
0.019051949
0.018942934
0.018849095
0.018783504
0.01869376
0.01869155
0.018539103
0.018440705
0.018428288
