0.022068165
0.02151701
0.021492083
0.021454863
0.021386158
0.02134941
0.02133164
0.021302814
0.021266691
0.021236712
0.021001998
0.020798454
0.020744083
0.020692326
0.020648107
0.020558262
0.020523632
0.020409375
0.020223973
0.020208575
0.02016203
0.02014456
0.019981552
0.019954666
0.019809235
0.01976487
0.019737195
0.019536523
0.019515378
0.019515064
0.019469287
0.01945608
0.019300494
0.019264841
0.01924741
0.019183876
0.019171398
0.019095806
0.01909122
0.019088417
0.019072823
0.019035118
0.019034361
0.01896896
0.018929578
0.018891824
0.018868744
0.01885871
0.018824281
0.018811349
