0.7777777777777778
0.7777777777777778
0.7777777777777778
0.8888888888888888
0.7777777777777778
0.7777777777777778
0.7777777777777778
0.7777777777777778
0.7777777777777778
0.7777777777777778
0.7777777777777778
0.8888888888888888
0.7777777777777778
0.7777777777777778
0.7777777777777778
0.7777777777777778
0.7777777777777778
0.7777777777777778
0.7777777777777778
0.7777777777777778
0.7777777777777778
0.7777777777777778
0.7777777777777778
0.7777777777777778
0.7777777777777778
0.8888888888888888
0.7777777777777778
0.7777777777777778
0.7777777777777778
0.7777777777777778
0.7777777777777778
0.7777777777777778
0.7777777777777778
0.8888888888888888
0.7777777777777778
0.7777777777777778
0.7777777777777778
0.7777777777777778
0.7777777777777778
0.7777777777777778
0.7777777777777778
0.7777777777777778
0.7777777777777778
0.7777777777777778
0.7777777777777778
0.7777777777777778
0.7777777777777778
0.7777777777777778
0.7777777777777778
0.7777777777777778
