0.3076923076923077
0.23076923076923078
0.6153846153846154
0.5384615384615384
0.3076923076923077
0.23076923076923078
0.23076923076923078
0.5384615384615384
0.3076923076923077
0.6153846153846154
0.6153846153846154
0.5384615384615384
0.6153846153846154
0.5384615384615384
0.6153846153846154
0.6923076923076923
0.6153846153846154
0.6153846153846154
0.6923076923076923
0.6923076923076923
0.6153846153846154
0.6153846153846154
0.6153846153846154
0.6153846153846154
0.5384615384615384
0.6153846153846154
0.5384615384615384
0.7692307692307693
0.5384615384615384
0.6923076923076923
0.5384615384615384
0.6923076923076923
0.6923076923076923
0.6153846153846154
0.7692307692307693
0.5384615384615384
0.8461538461538461
0.6923076923076923
0.6153846153846154
0.8461538461538461
0.6153846153846154
0.7692307692307693
0.6153846153846154
0.5384615384615384
0.5384615384615384
0.6153846153846154
0.5384615384615384
0.6923076923076923
0.5384615384615384
0.7692307692307693
