0.032779966
0.02604648
0.02499161
0.024794012
0.024516404
0.023035428
0.02246278
0.022247987
0.022246033
0.021971244
0.020929605
0.020814074
0.020687507
0.020619286
0.020204851
0.02002755
0.019726982
0.019633284
0.019522337
0.019515831
0.019348254
0.01929021
0.019281065
0.019132918
0.01899269
0.018937899
0.018876731
0.018832756
0.018654503
0.018618086
0.018617105
0.018567363
0.018398412
0.018347401
0.018322375
0.01830276
0.018295027
0.018263096
0.018211376
0.01817283
0.01809384
0.018044133
0.017985871
0.017978102
0.017976075
0.017948179
0.017943542
0.017940888
0.017932622
0.017920595
