0.028922252
0.023445211
0.023088679
0.022869822
0.02262407
0.021929136
0.021370046
0.021338299
0.021255279
0.02070567
0.02063674
0.020456431
0.020357681
0.020245673
0.020188909
0.020129887
0.0200499
0.019946616
0.019828761
0.019820586
0.019744096
0.019670933
0.019670635
0.01964178
0.019578686
0.01956873
0.01954115
0.019482289
0.019462166
0.019409537
0.019187737
0.019069087
0.018945066
0.018941848
0.018912422
0.018907905
0.018856917
0.018836105
0.018829685
0.018800197
0.018793326
0.018758284
0.018672759
0.018658066
0.018581666
0.0185677
0.018522853
0.018482119
0.01840851
0.018288007
