0.8888888888888888
0.8888888888888888
0.8888888888888888
0.8888888888888888
0.8888888888888888
0.8888888888888888
0.8888888888888888
0.8888888888888888
0.7777777777777778
0.8888888888888888
1.0
0.7777777777777778
1.1111111111111112
0.6666666666666666
0.7777777777777778
0.8888888888888888
1.1111111111111112
0.7777777777777778
0.8888888888888888
0.8888888888888888
1.0
0.8888888888888888
0.8888888888888888
0.8888888888888888
0.8888888888888888
0.8888888888888888
0.8888888888888888
0.8888888888888888
0.8888888888888888
0.8888888888888888
1.0
0.8888888888888888
0.6666666666666666
0.8888888888888888
1.0
0.8888888888888888
0.6666666666666666
0.8888888888888888
1.1111111111111112
0.3333333333333333
0.8888888888888888
0.7777777777777778
1.0
1.0
0.8888888888888888
0.6666666666666666
0.8888888888888888
1.1111111111111112
0.8888888888888888
1.2222222222222223
