0.0280252
0.026048088
0.024936166
0.023924252
0.023285395
0.022976011
0.021973208
0.021826282
0.021783914
0.02167421
0.021381766
0.021009967
0.020808913
0.020572916
0.020298997
0.02024825
0.020106703
0.019990908
0.019929005
0.019928908
0.01957198
0.019557456
0.01947755
0.019318093
0.019281045
0.019155236
0.019129869
0.019058125
0.019029297
0.018959047
0.01891443
0.018731719
0.018726103
0.018574428
0.01857076
0.018477362
0.018421497
0.01841157
0.018395562
0.018373331
0.0182798
0.018236117
0.018187856
0.018126808
0.01812385
0.018075025
0.01806764
0.01805364
0.018012205
0.017973505
