0.02195215
0.02129566
0.021211205
0.02107882
0.020756315
0.020713111
0.020686451
0.020672794
0.020418072
0.020351673
0.020328473
0.02022168
0.020195222
0.020178905
0.020150151
0.020103838
0.02005214
0.019999363
0.01995847
0.019939242
0.019923711
0.019886699
0.019842112
0.01984182
0.019836126
0.01982827
0.0198263
0.01982011
0.019816577
0.01978253
0.019742027
0.01973452
0.019724943
0.019690875
0.01967089
0.019659251
0.019595042
0.019575344
0.019563723
0.01955774
0.019537505
0.019534796
0.01952276
0.019517183
0.019503081
0.019482844
0.01947963
0.019430034
0.019414572
0.019395262
