3.3333333333333335
3.8333333333333335
3.6666666666666665
0.16666666666666666
0.16666666666666666
3.6666666666666665
3.6666666666666665
4.0
2.5
3.8333333333333335
3.8333333333333335
3.8333333333333335
3.8333333333333335
4.0
4.0
3.0
3.5
4.0
3.8333333333333335
2.8333333333333335
0.16666666666666666
0.16666666666666666
0.16666666666666666
0.16666666666666666
1.0
3.8333333333333335
4.0
4.0
1.5
4.0
4.0
4.0
2.5
3.8333333333333335
3.5
4.0
3.6666666666666665
3.3333333333333335
3.5
3.1666666666666665
3.6666666666666665
3.8333333333333335
3.6666666666666665
2.0
3.8333333333333335
3.8333333333333335
3.1666666666666665
3.8333333333333335
3.1666666666666665
3.6666666666666665
