0.021405634
0.021398323
0.021371758
0.021295022
0.021031247
0.020988261
0.020823438
0.020787448
0.020648716
0.020639846
0.020603118
0.020525461
0.020427613
0.02032368
0.020283623
0.020200744
0.020103266
0.020074701
0.02005053
0.019981712
0.019962275
0.019892773
0.019882293
0.019852819
0.019797055
0.019791223
0.019742638
0.019742062
0.01970869
0.019648714
0.019648347
0.019571813
0.019569809
0.019552147
0.019522877
0.019518305
0.019509202
0.019500438
0.01946284
0.01946034
0.019434055
0.019411057
0.01940264
0.019376652
0.019369444
0.019363463
0.01935518
0.01934574
0.019321078
0.019319786
