0.028810889
0.02706844
0.025245005
0.024066253
0.02330329
0.021423915
0.020822912
0.020795884
0.020747373
0.020678006
0.020441022
0.020413553
0.020334814
0.020325396
0.020306518
0.02014727
0.020016916
0.020016119
0.0196581
0.019639827
0.019556642
0.01955284
0.019447668
0.019411126
0.019399576
0.01935384
0.019309912
0.019199317
0.019195788
0.019168958
0.019147908
0.019136343
0.019109786
0.019019943
0.01879294
0.018754471
0.01874674
0.018727148
0.018597564
0.018510409
0.018494053
0.018479405
0.018415686
0.018392483
0.018390186
0.018348863
0.018314915
0.01831399
0.018245874
0.01820422
