0.03215355
0.025249265
0.024506908
0.023753176
0.023023218
0.0230202
0.022599615
0.021549677
0.021023108
0.020951986
0.020648813
0.02055503
0.020500965
0.020175178
0.020143101
0.020113684
0.020059515
0.019897634
0.019838989
0.01976409
0.019686362
0.019562652
0.01932622
0.019312719
0.019254884
0.019239765
0.019135417
0.019082032
0.019041844
0.018952463
0.018909413
0.018852163
0.018696075
0.018689215
0.018661642
0.0185895
0.018531347
0.018468395
0.018399777
0.01837437
0.018364837
0.018358998
0.018272556
0.018257624
0.018232832
0.018216167
0.018099697
0.017978065
0.017963793
0.01796148
