0.03511377
0.030194918
0.030144101
0.026699914
0.026144486
0.026081724
0.025270576
0.024818921
0.022379505
0.02185366
0.02181373
0.021506313
0.021413412
0.020888774
0.020865401
0.020810595
0.020261101
0.020250022
0.020234555
0.019641701
0.019606834
0.019470952
0.019430045
0.019319095
0.019318664
0.01911411
0.01889771
0.018416815
0.01834222
0.017711539
0.017681988
0.01730183
0.017182527
0.017142583
0.017053653
0.016925916
0.01675956
0.016714249
0.016679581
0.016667284
0.016658014
0.016610136
0.016502583
0.016444897
0.016414192
0.016303318
0.016301837
0.016283311
0.016197449
0.016159935
