0.3333333333333333
0.0
0.6666666666666666
9.666666666666666
10.333333333333334
0.3333333333333333
9.0
9.666666666666666
9.333333333333334
9.333333333333334
9.0
10.0
8.666666666666666
8.666666666666666
9.666666666666666
9.333333333333334
8.333333333333334
8.333333333333334
9.333333333333334
9.0
8.0
8.0
9.0
8.666666666666666
7.666666666666667
7.666666666666667
8.666666666666666
8.333333333333334
7.333333333333333
7.333333333333333
8.333333333333334
9.0
8.0
7.0
7.666666666666667
0.6666666666666666
7.0
8.666666666666666
8.0
7.666666666666667
9.666666666666666
9.666666666666666
9.666666666666666
9.666666666666666
9.666666666666666
9.666666666666666
9.666666666666666
9.666666666666666
9.666666666666666
9.666666666666666
