0.033671983
0.027094126
0.02416691
0.023386484
0.022356525
0.021915877
0.021598961
0.02135
0.021226577
0.021093462
0.021041948
0.0207734
0.020360177
0.020327223
0.020266555
0.020032026
0.019805942
0.019805554
0.01973702
0.019669576
0.019573245
0.01936275
0.019256271
0.019135127
0.019098347
0.019050239
0.01904961
0.019046694
0.01889644
0.018874332
0.018741848
0.018704752
0.0186623
0.01865283
0.018636385
0.01858246
0.018565023
0.018543093
0.018521432
0.018462155
0.018410288
0.018405994
0.018363418
0.01832237
0.018300066
0.018284127
0.018248416
0.018225353
0.018207548
0.018136756
