4.666666666666667
7.0
4.0
7.666666666666667
6.0
6.666666666666667
3.3333333333333335
4.666666666666667
4.666666666666667
7.0
7.0
4.666666666666667
4.666666666666667
6.333333333333333
5.0
4.666666666666667
4.666666666666667
5.0
4.666666666666667
7.0
5.0
5.0
5.0
7.333333333333333
4.666666666666667
4.666666666666667
7.0
6.666666666666667
4.666666666666667
4.666666666666667
4.666666666666667
6.0
6.666666666666667
6.333333333333333
5.333333333333333
7.0
6.666666666666667
8.0
8.0
5.0
4.666666666666667
7.333333333333333
8.0
7.333333333333333
5.0
6.0
5.333333333333333
5.0
2.6666666666666665
5.0
