0.030045437
0.028945206
0.026592538
0.023650821
0.023174118
0.022835441
0.022697136
0.022296624
0.021904616
0.021144701
0.020708475
0.020516055
0.02032587
0.020215444
0.020101734
0.020100448
0.020060675
0.01982328
0.019769056
0.019607304
0.019605393
0.019273108
0.019161383
0.018953437
0.018935831
0.01886147
0.018849703
0.018848091
0.018831031
0.018824479
0.01867799
0.018605433
0.018582748
0.018472232
0.018423043
0.018370524
0.01835486
0.018349808
0.01834595
0.018282523
0.018185599
0.018184094
0.018146668
0.018146465
0.01812495
0.01812428
0.0180417
0.017990725
0.017971357
0.017960018
