0.02328719
0.02247784
0.021644024
0.020861339
0.02080915
0.020622317
0.020315839
0.02029443
0.020271856
0.020216629
0.020175183
0.020168219
0.020164657
0.020096486
0.020048274
0.020039545
0.020012854
0.019999398
0.019993568
0.019938154
0.019856
0.019837694
0.019782657
0.019780997
0.019753758
0.019751966
0.019744327
0.019707756
0.019686004
0.019664282
0.01965882
0.019645564
0.019629456
0.019608589
0.019599246
0.019586334
0.019583106
0.019569956
0.019564593
0.019561185
0.019546986
0.01953791
0.019525805
0.019513948
0.019503787
0.0194812
0.019480428
0.019473543
0.019472973
0.019454237
