0.021222973
0.021049665
0.02077627
0.020707967
0.020473382
0.020429745
0.020426778
0.020418618
0.020409063
0.020397667
0.020312296
0.020294517
0.020262964
0.020260314
0.020235972
0.02017357
0.02006578
0.020055713
0.019970883
0.019965071
0.019958945
0.019958133
0.019912517
0.019910606
0.019906174
0.019898897
0.019894453
0.01986814
0.019867256
0.019843552
0.01982102
0.019803079
0.019793367
0.019775381
0.019758267
0.019748027
0.019745722
0.019738166
0.019712199
0.019706061
0.019705214
0.019628232
0.019611863
0.019573634
0.019565703
0.019524371
0.019501993
0.019474594
0.019448282
0.019436937
