0.030636327
0.024169536
0.023418074
0.02277233
0.022133281
0.021863269
0.021562193
0.021417277
0.02136738
0.02121953
0.020994207
0.020672802
0.020612704
0.020370886
0.020188516
0.020101555
0.02001801
0.019957893
0.019907871
0.019864367
0.019855928
0.0198318
0.019792296
0.019635214
0.019623837
0.019574547
0.019427389
0.019413762
0.019240625
0.01916347
0.019062432
0.019022409
0.01894191
0.01889718
0.018874511
0.018756036
0.018732369
0.018673914
0.018632315
0.018536286
0.018533794
0.018457243
0.01843262
0.018418385
0.018397447
0.018394796
0.018216923
0.018201157
0.01807021
0.017941244
