0.028630769
0.026350128
0.025391122
0.025368607
0.02535017
0.02447851
0.023730734
0.02368519
0.023343727
0.023292944
0.023057101
0.02281289
0.022677613
0.022308404
0.0214411
0.02102958
0.020780826
0.020484606
0.020484
0.020224776
0.020190258
0.019971414
0.019666733
0.019607335
0.019563936
0.019277511
0.01897003
0.018834533
0.018600255
0.018233342
0.018081471
0.018065583
0.017859906
0.017772803
0.017732231
0.017566305
0.01733134
0.01719102
0.017062474
0.016911222
0.016892739
0.01685374
0.016807199
0.016741436
0.016683979
0.016654762
0.016511697
0.016504789
0.016491298
0.016445944
