0.0
0.16666666666666666
0.16666666666666666
3.8333333333333335
0.3333333333333333
0.16666666666666666
0.16666666666666666
0.3333333333333333
3.6666666666666665
0.16666666666666666
1.0
3.5
3.0
3.3333333333333335
3.3333333333333335
0.16666666666666666
0.16666666666666666
0.16666666666666666
0.3333333333333333
3.1666666666666665
0.3333333333333333
2.0
3.0
2.0
2.0
2.8333333333333335
0.16666666666666666
0.3333333333333333
3.0
3.6666666666666665
3.3333333333333335
3.0
3.0
3.8333333333333335
2.6666666666666665
3.8333333333333335
3.8333333333333335
3.8333333333333335
2.0
3.3333333333333335
3.8333333333333335
3.8333333333333335
3.8333333333333335
3.8333333333333335
3.0
3.8333333333333335
3.8333333333333335
3.8333333333333335
3.8333333333333335
3.1666666666666665
