0.028028842
0.024316814
0.023958597
0.023868097
0.023026247
0.022722032
0.022615174
0.022060176
0.022017287
0.021671792
0.02077127
0.020232799
0.020196645
0.019984933
0.019939091
0.01989547
0.019827962
0.019753924
0.019731164
0.019686198
0.019644698
0.019528594
0.019525416
0.019454222
0.019346744
0.019309532
0.01927778
0.019182596
0.019045927
0.01903627
0.019026669
0.01897978
0.018941475
0.018940212
0.018923528
0.018901307
0.018826565
0.01874999
0.018741611
0.018621625
0.018608669
0.018569635
0.01839204
0.018381026
0.018368468
0.018325467
0.018280372
0.018262494
0.018256554
0.018246217
