0.029499723
0.027203182
0.025147106
0.02433665
0.024253046
0.023509325
0.022850614
0.02269816
0.021537948
0.021519972
0.021471629
0.02103402
0.021007849
0.020648483
0.020448126
0.020344086
0.02031886
0.020071492
0.019988418
0.01977088
0.019475054
0.019378018
0.019041235
0.019000215
0.01899918
0.018977668
0.018895643
0.018830685
0.018805739
0.018774875
0.018772244
0.018648406
0.018621027
0.018417759
0.018381137
0.018355466
0.01834985
0.018177567
0.018042034
0.018016016
0.01800697
0.017931541
0.017919974
0.01788899
0.017867943
0.017813373
0.017775057
0.017771414
0.017748151
0.017657103
