0.025326937
0.02369692
0.023279225
0.022569466
0.022233292
0.022188997
0.021755802
0.021460582
0.021026354
0.021011548
0.02081667
0.02079709
0.02073801
0.020672567
0.020485207
0.020347608
0.020216454
0.020161027
0.020051425
0.019881262
0.019861875
0.019830478
0.019786645
0.019579662
0.01950065
0.01942926
0.019297557
0.019289518
0.019259153
0.019114222
0.019098919
0.019091643
0.019041048
0.019007904
0.018983886
0.018926477
0.01892443
0.01890882
0.018862886
0.018844733
0.018841907
0.018781433
0.01877714
0.018765654
0.018695978
0.018598588
0.018563053
0.018553134
0.01854219
0.018524645
