0.028069181
0.027497252
0.026557239
0.026327569
0.02600626
0.025256753
0.02464633
0.023818739
0.022719406
0.022517286
0.021313319
0.021045761
0.020750318
0.020641051
0.02042005
0.019987913
0.019803258
0.01972318
0.019567931
0.019397384
0.019311668
0.01929717
0.01924737
0.018975629
0.018966416
0.0189247
0.018730456
0.01868026
0.018586138
0.01854383
0.018436054
0.018406466
0.018072195
0.018035134
0.017862504
0.017840894
0.017837618
0.017807879
0.017798932
0.01768815
0.017664762
0.01759759
0.017555213
0.017528953
0.017475452
0.017471574
0.017409498
0.017408943
0.01738693
0.017385468
