0.032874506
0.030300086
0.029350687
0.027735366
0.026361708
0.025104579
0.02492656
0.024378154
0.023707902
0.02253327
0.021226667
0.021036532
0.020769704
0.020683443
0.02066931
0.02061506
0.020391103
0.020111967
0.02008582
0.019423528
0.019363591
0.019315887
0.01927946
0.019271133
0.019242777
0.018549139
0.018402318
0.01824567
0.018156141
0.018147383
0.018091107
0.018058013
0.018047104
0.018005144
0.01784065
0.017664941
0.01714211
0.01708752
0.016924161
0.016886711
0.01666491
0.01657317
0.016478425
0.016404765
0.016394204
0.016378155
0.016346212
0.016345495
0.016298594
0.016109137
