0.021778092
0.02120488
0.020877063
0.020814203
0.02073967
0.020687746
0.020635538
0.020615604
0.020598315
0.020586869
0.020470668
0.020460887
0.020448854
0.020248827
0.020055007
0.020049673
0.019989029
0.019929375
0.019915758
0.019911062
0.019907972
0.019904152
0.019875987
0.019848688
0.019837562
0.01983708
0.019802568
0.019792153
0.019785237
0.019768545
0.019767014
0.019762563
0.019760601
0.01969911
0.019675544
0.019643266
0.019619403
0.019604253
0.019584555
0.019578105
0.019575844
0.019546222
0.019523872
0.019520784
0.01951395
0.019504007
0.01948696
0.019436432
0.019434132
0.019386299
