0.027721085
0.025103893
0.023202553
0.023185117
0.02242734
0.022248853
0.021871585
0.02161503
0.021250755
0.021226315
0.021130027
0.020609893
0.020454232
0.020311091
0.020307116
0.02030105
0.020234993
0.020142354
0.020009222
0.019961135
0.019948356
0.019910026
0.019754158
0.01969963
0.019616531
0.019592375
0.01958286
0.019550145
0.019520456
0.019417426
0.0191843
0.019022625
0.018960128
0.018929526
0.018883117
0.018822389
0.018748365
0.01855842
0.018545797
0.01836974
0.01836476
0.018350543
0.018340446
0.018260749
0.018218575
0.018172896
0.018146314
0.018083831
0.018068176
0.018063687
