0.025820386
0.02478127
0.022044033
0.0217208
0.021451881
0.021368355
0.021067655
0.021031687
0.02090927
0.020646729
0.02051059
0.020460812
0.020423507
0.02035828
0.020309215
0.020259466
0.020160405
0.020096455
0.020094074
0.019930677
0.019891737
0.019871132
0.019825434
0.01978198
0.019722026
0.019605698
0.019536147
0.019362014
0.01925316
0.019233927
0.01922336
0.019205336
0.019133586
0.019129444
0.01910552
0.019098176
0.019080758
0.019047013
0.019032968
0.01902129
0.019020434
0.018999217
0.018979982
0.018974701
0.018962026
0.018931808
0.018910296
0.01890787
0.018861854
0.018845517
