0.02549524
0.024268113
0.02276392
0.0223976
0.021688329
0.021247339
0.021246294
0.021149177
0.020926047
0.020762026
0.020610416
0.02054675
0.020271715
0.02022104
0.020133391
0.020119073
0.020004824
0.019960646
0.019940522
0.019863699
0.01979931
0.019799074
0.019790677
0.019784406
0.019763138
0.019751815
0.019734817
0.019727023
0.01961907
0.019584753
0.019490035
0.019416628
0.01940309
0.019299302
0.019277459
0.019157825
0.019126523
0.019041117
0.01899403
0.018917022
0.01888922
0.018869193
0.018828496
0.018783202
0.0187785
0.018755184
0.018723104
0.018490847
0.018423062
0.018365923
