0.031892654
0.030577775
0.02739123
0.024217553
0.023693012
0.023567066
0.023353275
0.022581844
0.0224844
0.021971155
0.0215815
0.021433707
0.02137954
0.02108405
0.021032767
0.020631522
0.020584948
0.020453742
0.020351155
0.020321926
0.019724352
0.019338515
0.019244434
0.019188443
0.019150654
0.018943755
0.01885914
0.018825684
0.018761603
0.01875708
0.01856806
0.018567257
0.018438092
0.018277442
0.018234655
0.018146645
0.017928341
0.017901633
0.01758741
0.017560804
0.017254243
0.017207295
0.016894938
0.01684219
0.016741434
0.016556323
0.016545903
0.01653648
0.016499182
0.01633322
