0.03348184
0.02676688
0.025037186
0.023794541
0.022934185
0.022482619
0.02227917
0.022014065
0.021659866
0.0209445
0.020379491
0.020003539
0.01998168
0.01992596
0.019868422
0.019677987
0.019475164
0.019406553
0.019357216
0.019329699
0.019276986
0.019262036
0.019206824
0.019186195
0.01907711
0.019059144
0.01905795
0.019013414
0.018930186
0.018912338
0.018900784
0.018830413
0.018755097
0.018673759
0.018552054
0.018538643
0.018529525
0.018527081
0.018517695
0.018483344
0.018466454
0.018459048
0.018450804
0.018401016
0.018386483
0.018377453
0.018372804
0.018340403
0.01833486
0.018319562
