0.025365608
0.02360084
0.022703424
0.02230356
0.021568459
0.021273222
0.020637017
0.020424942
0.020382237
0.0202522
0.020213652
0.020200724
0.020155894
0.020071333
0.020041393
0.02003729
0.020002035
0.019953707
0.019867303
0.019843632
0.019806195
0.019802427
0.019699048
0.019583775
0.019577444
0.019564448
0.019520221
0.019465998
0.019439442
0.01942956
0.019426174
0.019394942
0.019383257
0.019377524
0.01937105
0.019356692
0.019336546
0.019327758
0.01930314
0.019286336
0.019283433
0.019248564
0.01921237
0.019183889
0.019178716
0.019178508
0.019134132
0.019116854
0.019093545
0.01901947
