0.02257393
0.022095725
0.02093916
0.02050456
0.020473275
0.020437257
0.020391531
0.020385688
0.02032815
0.020305399
0.020282324
0.020277958
0.02026827
0.02025971
0.020243913
0.020132983
0.020109339
0.020085819
0.020072216
0.020068413
0.019976733
0.019972803
0.019936522
0.019926079
0.019918809
0.019826017
0.019816583
0.019786542
0.019774402
0.019719763
0.019719044
0.019718584
0.019692753
0.019684616
0.019653836
0.01964351
0.019633157
0.019582389
0.019540086
0.019532125
0.019529933
0.01951067
0.019508334
0.019494448
0.01949108
0.019466223
0.01944448
0.019435672
0.019417878
0.019411346
