0.034328636
0.026714502
0.024476096
0.024453709
0.02300041
0.022363069
0.021717547
0.021487175
0.021354692
0.02109503
0.020786257
0.020454643
0.020185327
0.020099184
0.020073872
0.019935036
0.019738695
0.019715536
0.019702781
0.019642469
0.019582389
0.019532807
0.01915307
0.019138085
0.019026114
0.018971415
0.01895456
0.018944897
0.018851543
0.018737186
0.018611295
0.018610595
0.0185467
0.018531054
0.01849365
0.018474791
0.018434582
0.018393468
0.018365284
0.018361872
0.018345524
0.018345343
0.018344246
0.018333413
0.018329693
0.018292574
0.018266663
0.0182652
0.018241579
0.018195739
