0.021540979
0.021519136
0.021226758
0.021110602
0.021006418
0.020921187
0.02078752
0.020627221
0.020537453
0.020474914
0.020474032
0.020442193
0.020403996
0.020399768
0.020385448
0.020275721
0.020238377
0.020069787
0.020019138
0.020009495
0.019982157
0.019973
0.01996059
0.019908529
0.01987349
0.019826977
0.019695958
0.01968175
0.019672705
0.01961723
0.019602234
0.019584814
0.019575436
0.019565636
0.01954422
0.01950143
0.019500082
0.019482428
0.01948002
0.01945767
0.019455463
0.019452678
0.019451717
0.019418972
0.019404892
0.019399358
0.019395754
0.019395247
0.019336896
0.019332508
