0.021920893
0.02167099
0.02137089
0.021229569
0.021018544
0.020946322
0.020892274
0.02063325
0.02061259
0.02034942
0.020330107
0.02031308
0.020264644
0.020249508
0.020239186
0.020202499
0.02019908
0.020197712
0.020133227
0.020113524
0.020065324
0.019938568
0.019907296
0.019906607
0.019854132
0.019801572
0.019770125
0.019736659
0.019735673
0.019731626
0.019700475
0.01965387
0.019581322
0.01953302
0.019520184
0.019517416
0.019471567
0.019467704
0.01945601
0.019436536
0.019412844
0.019381443
0.019380735
0.01935791
0.019351473
0.019350667
0.01929093
0.019274214
0.019269513
0.019257195
