0.03281246
0.026097845
0.025307793
0.023268484
0.022723924
0.022100054
0.022067104
0.021443522
0.021293405
0.021268684
0.02076104
0.020758877
0.020544644
0.020381887
0.020208191
0.020191383
0.019933304
0.019895304
0.019728957
0.019644352
0.019610709
0.019485282
0.019430628
0.019270428
0.019187875
0.019133773
0.01908749
0.019068435
0.019058362
0.01897654
0.018871296
0.018786235
0.01875156
0.018688709
0.018576616
0.018553466
0.018525314
0.01849514
0.018480675
0.018283786
0.018282035
0.018235294
0.018226901
0.018201211
0.018178072
0.01809942
0.018083837
0.01805998
0.018000007
0.017879736
