0.02339733
0.022564113
0.022050312
0.021336386
0.02117262
0.021123093
0.020928137
0.020898955
0.02083229
0.02069396
0.02063207
0.02054926
0.020518193
0.02043896
0.020380067
0.020327428
0.020041687
0.020012163
0.019983519
0.019959254
0.019886538
0.019856188
0.019817002
0.019773057
0.01973889
0.01970428
0.019698534
0.019697888
0.01962522
0.019586578
0.019511947
0.019473383
0.019436065
0.019361291
0.019356176
0.019339386
0.019339314
0.019308966
0.019293647
0.019280182
0.019254865
0.019247511
0.019207094
0.019140689
0.019109847
0.0190861
0.019070093
0.019006228
0.018977586
0.01897569
