3.142857142857143
2.7142857142857144
2.2857142857142856
3.0
3.7142857142857144
3.142857142857143
3.7142857142857144
2.857142857142857
3.142857142857143
3.2857142857142856
3.2857142857142856
3.142857142857143
3.2857142857142856
3.2857142857142856
2.857142857142857
3.0
3.142857142857143
3.2857142857142856
2.857142857142857
2.857142857142857
2.857142857142857
3.0
3.0
3.0
2.7142857142857144
3.0
2.7142857142857144
3.142857142857143
2.857142857142857
2.857142857142857
2.857142857142857
2.857142857142857
2.857142857142857
3.0
1.8571428571428572
2.7142857142857144
3.142857142857143
3.0
3.142857142857143
3.142857142857143
3.142857142857143
2.5714285714285716
2.857142857142857
2.5714285714285716
2.7142857142857144
2.857142857142857
3.0
3.0
3.142857142857143
2.857142857142857
