0.02538808
0.023669997
0.022229088
0.021539781
0.021455063
0.021303182
0.021211488
0.020828461
0.02071526
0.020684894
0.020560913
0.02048105
0.020378534
0.020215992
0.020181235
0.020092016
0.020080443
0.020055292
0.02003443
0.020030975
0.01994407
0.01987927
0.019805592
0.019781765
0.019754864
0.019742023
0.019720746
0.019711718
0.01967025
0.019518364
0.019491542
0.019479685
0.0194514
0.01941114
0.019401934
0.019356918
0.019197257
0.019187652
0.01908159
0.019077526
0.019046541
0.018927202
0.018923847
0.018818099
0.01881533
0.018806968
0.018804438
0.018744765
0.018660376
0.018650958
