0.026376497
0.023683148
0.023572968
0.023278033
0.023221498
0.022486094
0.02222529
0.02216579
0.021881806
0.02176497
0.021350078
0.021068543
0.020973327
0.020969365
0.02094115
0.0207535
0.02074441
0.02069722
0.020452466
0.019974161
0.019948456
0.019765746
0.019696865
0.019673781
0.019492662
0.019467087
0.019464571
0.0193596
0.019353746
0.019333677
0.019116737
0.019067597
0.018947225
0.018876104
0.01849957
0.018495401
0.018436402
0.018293016
0.018244656
0.018242408
0.018196305
0.018195765
0.018132083
0.018107843
0.018061493
0.018021414
0.01783662
0.017776622
0.017659375
0.017657015
