0.025323413
0.024317242
0.022952937
0.022906214
0.022530355
0.021765834
0.021579385
0.021487115
0.02086167
0.02077685
0.020662202
0.020624045
0.02061995
0.020613333
0.020585349
0.020448595
0.020278579
0.020138534
0.019908188
0.019885423
0.019871613
0.01982093
0.019693935
0.019640384
0.019580074
0.019513324
0.019409265
0.019360516
0.01930248
0.019239686
0.019196378
0.019171504
0.019151079
0.01912441
0.019091096
0.019067058
0.018961256
0.01888263
0.018840028
0.018805852
0.018757315
0.018649146
0.01864252
0.018611103
0.018605996
0.018588403
0.018581713
0.018551707
0.0185182
0.018505199
