0.026522333
0.026237935
0.025401544
0.02467327
0.024617596
0.023824204
0.023462994
0.023388084
0.022770593
0.022342555
0.02207834
0.021857562
0.021837464
0.021330487
0.021049928
0.02071852
0.020409845
0.020189032
0.019476522
0.019376718
0.019333657
0.019315617
0.019102165
0.01908526
0.019032478
0.018873159
0.018730653
0.018725792
0.01867685
0.018637436
0.018615887
0.018587895
0.018433994
0.018331325
0.018327571
0.01829633
0.01820721
0.0181252
0.01805941
0.017983556
0.01797342
0.01771952
0.017681135
0.017616238
0.017597713
0.0175391
0.01752766
0.017486002
0.017460585
0.017351627
