0.022808904
0.022031363
0.021982081
0.021980233
0.021771828
0.021730728
0.02161078
0.021511586
0.0213852
0.021266272
0.021157747
0.020726664
0.020553771
0.020501664
0.020492848
0.020481413
0.020396423
0.02025638
0.020206993
0.020127514
0.020086206
0.01996744
0.019787448
0.019771667
0.019710017
0.01961844
0.019573145
0.019517742
0.019394694
0.019298522
0.01929614
0.01927832
0.019267408
0.019238342
0.019190332
0.01918273
0.019116877
0.019110575
0.019015685
0.018994728
0.018989423
0.018912291
0.01891167
0.018902004
0.01888004
0.018867929
0.018855982
0.018779267
0.018768031
0.01873651
