0.029627092
0.025425531
0.02478315
0.024464386
0.0241232
0.024022374
0.023013873
0.02224981
0.022117266
0.021912234
0.0217102
0.02135688
0.02099216
0.020879712
0.020736063
0.020554835
0.020424759
0.020118902
0.020089878
0.019634418
0.019481283
0.019464446
0.01943343
0.019417627
0.019233044
0.01918756
0.019173235
0.01906342
0.018968115
0.018764134
0.018719772
0.018440293
0.018365584
0.018210236
0.018168487
0.018160697
0.018147815
0.01804284
0.017990502
0.017882314
0.017853504
0.017826285
0.01782344
0.017778888
0.017772814
0.017743284
0.017700393
0.017692974
0.017676836
0.017580053
