1.8333333333333333
1.8333333333333333
2.1666666666666665
1.8333333333333333
2.25
1.5
2.0833333333333335
1.8333333333333333
1.8333333333333333
1.5
2.0833333333333335
1.8333333333333333
2.0
1.3333333333333333
2.1666666666666665
2.1666666666666665
1.3333333333333333
1.3333333333333333
2.0833333333333335
1.5
1.6666666666666667
1.8333333333333333
2.25
1.3333333333333333
1.5
1.8333333333333333
2.3333333333333335
2.1666666666666665
1.5
2.0
1.75
2.0833333333333335
1.3333333333333333
2.1666666666666665
2.0833333333333335
2.0
1.5
2.25
1.8333333333333333
2.0833333333333335
2.0
1.8333333333333333
2.25
2.0833333333333335
1.5
2.25
1.8333333333333333
2.3333333333333335
1.75
1.4166666666666667
