0.026445428
0.02410626
0.023152065
0.022720851
0.021829141
0.021575892
0.021479653
0.021040054
0.020959789
0.02092536
0.02077167
0.020493915
0.020473635
0.020386526
0.02035599
0.020319374
0.02007549
0.01992385
0.019833427
0.019736672
0.019696651
0.01959964
0.019537076
0.01942829
0.019425225
0.019420173
0.019387703
0.019276373
0.019220395
0.019202447
0.01917285
0.019152246
0.019124966
0.019062284
0.019040607
0.019030422
0.018997483
0.018989773
0.01898963
0.01898621
0.018973382
0.018958617
0.018933376
0.018913066
0.018887833
0.01885363
0.018794376
0.018792614
0.018777354
0.018770296
