0.035766102
0.028077504
0.025582578
0.025155662
0.024758533
0.022435425
0.022322085
0.022124613
0.021954205
0.02148662
0.021472333
0.021388646
0.020666946
0.02060358
0.019942896
0.019520786
0.019495279
0.019353688
0.019302389
0.019277861
0.019189833
0.019149827
0.01886046
0.0188406
0.018800583
0.018774608
0.018710963
0.018699603
0.018650308
0.018646402
0.018587219
0.018490301
0.018462531
0.018447798
0.018368017
0.018361479
0.018342115
0.018338958
0.018226806
0.018209757
0.018105533
0.018088434
0.017887138
0.017835714
0.017760765
0.01762989
0.017594323
0.017506052
0.017382205
0.0173641
