0.0317378
0.026158396
0.022947418
0.022615815
0.022320526
0.022305798
0.022143671
0.02208141
0.02194151
0.021547377
0.02132689
0.021281233
0.020861657
0.02060668
0.020560313
0.020458128
0.02045302
0.02010862
0.020085104
0.02002877
0.019893259
0.019741602
0.019703556
0.019612418
0.019561045
0.019427653
0.019377423
0.019339282
0.019325553
0.019299993
0.01916912
0.019111335
0.019067984
0.018954191
0.018814815
0.01859619
0.018513275
0.018458188
0.01845643
0.018269641
0.018129392
0.01801685
0.017913934
0.017821508
0.017650597
0.017418828
0.017297093
0.017229488
0.017151317
0.017107937
