0.030780435
0.028677657
0.026194582
0.02602359
0.025523316
0.025248982
0.02449624
0.023578616
0.02265
0.022295965
0.02187564
0.02142912
0.02140752
0.021208651
0.021139586
0.020785633
0.020728368
0.020699939
0.020583382
0.020160712
0.019355308
0.019342715
0.019261828
0.018821366
0.0187789
0.018753424
0.01874347
0.018638061
0.018569812
0.01846236
0.018432872
0.018243944
0.018200446
0.018064456
0.017836483
0.017762452
0.017689897
0.017543856
0.017416187
0.017323714
0.017293444
0.016937897
0.016863799
0.016801286
0.016703768
0.016684826
0.016533762
0.01648635
0.016485814
0.016479533
