0.022569787
0.022303667
0.022268428
0.022098752
0.021915633
0.021834768
0.021730727
0.021436427
0.021337835
0.021257194
0.020925965
0.020913213
0.020875301
0.020749629
0.020561421
0.020505633
0.020505067
0.020394823
0.02035041
0.020286078
0.020110395
0.019997079
0.019985208
0.019878378
0.019781778
0.019514745
0.019487945
0.019420734
0.019382954
0.019342693
0.019228257
0.019212008
0.019181572
0.019171016
0.019060044
0.019032555
0.01901671
0.018974155
0.018967947
0.018967336
0.018943038
0.01891347
0.01890308
0.018875385
0.018815996
0.01872023
0.018619206
0.018567987
0.018554669
0.01855267
