0.020862302
0.020713618
0.020477138
0.020443786
0.020440292
0.020403812
0.02037107
0.020346507
0.020295931
0.020219438
0.020199608
0.020197093
0.020196944
0.02015656
0.02014824
0.020144483
0.020122362
0.020097036
0.020096956
0.020057833
0.020056125
0.020055437
0.020042542
0.020009575
0.02000565
0.019992989
0.01998535
0.019959256
0.01994799
0.019888721
0.019868124
0.019825008
0.019803284
0.019802358
0.019779583
0.019738372
0.01973112
0.019729085
0.019729052
0.019677639
0.019674838
0.019663738
0.019659799
0.019647822
0.019644402
0.019640436
0.019638194
0.019633261
0.019619172
0.019559963
