0.028734388
0.026253508
0.026160348
0.025908742
0.023137126
0.022076592
0.021531446
0.020859474
0.020632874
0.020470643
0.02043368
0.020413723
0.020403652
0.020349387
0.020297598
0.020260377
0.020169985
0.01984574
0.019805593
0.019795286
0.019787688
0.01978365
0.019687328
0.019390028
0.019372653
0.019328626
0.019312767
0.01925404
0.019202251
0.018965047
0.018892206
0.018875293
0.018696895
0.018675875
0.018549945
0.018549617
0.018534541
0.018501079
0.0184951
0.018475542
0.018469408
0.018391555
0.018323362
0.018310307
0.018201739
0.018184071
0.018160207
0.018150117
0.01799394
0.017944923
