0.026732938
0.023332657
0.022675227
0.022621738
0.02260055
0.022585899
0.022579357
0.022128383
0.021878751
0.021440227
0.021263266
0.021234253
0.02101605
0.020715745
0.020645196
0.020572774
0.0204907
0.020143816
0.020034464
0.01987201
0.01982709
0.01974797
0.019738298
0.019573633
0.01943508
0.019322056
0.01922001
0.019189911
0.019183084
0.019074963
0.019017775
0.018992309
0.018965267
0.01881279
0.0187907
0.018638082
0.018631918
0.018628726
0.01860737
0.018535284
0.01852465
0.018512942
0.018474359
0.018376349
0.018367896
0.018293701
0.018282034
0.01827967
0.018214826
0.018177317
