0.024588412
0.023018604
0.02253811
0.022193607
0.021850908
0.021620743
0.02104666
0.020979745
0.020962127
0.020880412
0.020841697
0.02079685
0.02064692
0.020615151
0.020523386
0.020518085
0.02045494
0.020434495
0.020391162
0.020318419
0.020078696
0.020009402
0.019936236
0.019902151
0.019696949
0.019642994
0.019538889
0.019536372
0.019526305
0.019481543
0.019326141
0.019324077
0.019275032
0.019240774
0.019144977
0.01905498
0.018983928
0.018909557
0.018892253
0.018850647
0.018803596
0.0187953
0.018783126
0.018765595
0.01863275
0.018585956
0.018579837
0.018563326
0.018487263
0.018430889
