0.027321035
0.02463519
0.023525426
0.022976525
0.022677636
0.022577332
0.022268103
0.022248583
0.02088207
0.020867404
0.020591008
0.020505544
0.020313732
0.020286027
0.020217061
0.020134825
0.020070447
0.020005329
0.019928655
0.0198426
0.019733896
0.019721538
0.019671485
0.01954771
0.019470915
0.019457836
0.019320823
0.019284569
0.019129435
0.0191039
0.019032123
0.018987112
0.018927824
0.0188442
0.018842798
0.018822687
0.018752929
0.018686011
0.018665899
0.018629938
0.018621238
0.018566653
0.018559301
0.018559173
0.018547319
0.01853688
0.018534813
0.018528944
0.018525783
0.01851175
