0.0323112
0.028582605
0.027925426
0.024974158
0.024065023
0.023909165
0.02377456
0.022777686
0.022756264
0.021859212
0.020618489
0.020430861
0.020255253
0.020153912
0.020146798
0.019997833
0.019982286
0.019826334
0.019771691
0.01974066
0.019698922
0.019385077
0.01926271
0.019094115
0.018882152
0.018803747
0.01872347
0.018483533
0.018321041
0.018262926
0.018262193
0.018259834
0.018259315
0.018211802
0.018037349
0.0180256
0.01800748
0.017907657
0.01786383
0.017854266
0.017849145
0.017843556
0.017790023
0.017770598
0.017752074
0.017658863
0.017655108
0.01755596
0.01738193
0.017276289
