0.024961878
0.024364626
0.024007222
0.023738429
0.023340782
0.023314051
0.022769064
0.022709677
0.022635425
0.022322746
0.021884203
0.021703111
0.021113414
0.02097572
0.020719104
0.02068759
0.020611359
0.020319311
0.020311678
0.020241972
0.02009018
0.019854791
0.019769607
0.019582989
0.019529749
0.019511241
0.019472765
0.019302445
0.019275827
0.019151242
0.019097408
0.019078797
0.019073648
0.018976757
0.018552039
0.018520163
0.018446246
0.0184272
0.018338801
0.018218884
0.017713757
0.017667595
0.017585872
0.017554566
0.017551107
0.017414765
0.017393373
0.017393297
0.017383527
0.017339991
